Epoch	AverageEpRet	StdEpRet	MaxEpRet	MinEpRet	EpLen	AverageVVals	StdVVals	MaxVVals	MinVVals	TotalEnvInteracts	LossPi	LossV	DeltaLossPi	DeltaLossV	Entropy	KL	ClipFrac	StopIter	Time
0	-1.8614458	5.0502195	9.0	-6.5	11.987952	-0.048076957	0.051352255	0.15941663	-0.1662967	4000	1.3038516e-08	22.901762	-0.004392782	-5.9377766	1.0950902	0.019281367	0.56525	3.0	251.05453610420227
1	-1.3705882	5.779347	9.0	-6.5	10.631016	-0.3457892	2.6897805	6.73034	-4.2030354	8000	-7.450581e-09	23.875046	-0.006221961	-0.8470402	1.0912635	0.014187405	0.242	3.0	474.92299222946167
2	-0.20950001	6.66288	9.1	-6.4	9.97	0.5663232	3.0431523	10.022951	-5.3543367	12000	-8.381903e-09	31.074352	-0.0048098713	-1.9383817	1.0626472	0.01478589	0.35074997	3.0	697.3637547492981
3	-0.34479636	6.767425	9.0	-6.3	8.990951	1.9523218	3.4203198	9.733521	-5.3553224	16000	-1.5832484e-08	32.649582	-0.004376796	-1.1461124	1.0198781	0.0148016475	0.3495	3.0	924.7948372364044
4	-0.3386752	6.890665	9.1	-6.4	8.514957	1.809219	3.6282685	13.004269	-6.167612	20000	0.0	33.598946	0.00032316335	-1.7636704	0.9619427	0.015295949	0.202	3.0	1149.2179508209229
5	0.52925766	7.0267467	9.1	-6.0	8.681223	2.4436338	4.1085906	13.78129	-6.4098787	24000	2.514571e-08	32.42731	-0.011227587	-2.498342	0.8869513	0.008975087	0.15599999	79.0	1372.172653913498
6	0.58790493	7.096501	9.0	-6.0	8.591793	3.0914316	4.021604	12.5925665	-10.769553	28000	1.4901161e-08	33.111046	-0.0035509455	-2.3838162	0.87774485	0.01205723	0.14	10.0	1593.6579093933105
7	0.51620466	7.1202908	9.1	-6.0	8.484009	2.5724506	4.027918	10.115899	-8.597219	32000	1.21071935e-08	31.486904	-0.013038782	-2.64368	0.8329381	0.008439373	0.11750001	79.0	1822.2416779994965
8	1.4806168	7.192643	9.0	-6.0	8.762115	3.0845914	4.306299	14.638075	-10.736271	36000	1.3038516e-08	30.61457	-0.010739298	-3.1884031	0.82968277	0.009368434	0.121	79.0	2050.0266366004944
9	1.0161289	7.2137785	9.1	-6.0	8.548388	3.5896518	4.211346	9.940047	-8.3094635	40000	3.259629e-09	28.187756	-0.00857616	-3.5534062	0.82705945	0.0037122187	0.0445	79.0	2277.694926738739
10	1.6424106	7.2342463	9.1	-6.1	8.910714	3.6351175	4.3785515	11.320779	-8.7832	44000	9.313226e-09	26.59374	-0.0092852395	-3.0137424	0.8074835	0.006834681	0.08325	79.0	2503.746152162552
11	1.4741572	7.2463284	9.1	-6.3	8.966292	4.21205	4.3494773	11.14547	-7.0884333	48000	1.6763806e-08	28.047613	-0.008587152	-3.6455727	0.7889875	0.0073739686	0.0785	79.0	2727.277205467224
12	2.0571752	7.2299323	9.1	-6.0	9.041002	3.9983413	4.395974	12.125607	-7.442127	52000	5.5879354e-09	25.190025	-0.0097199455	-2.76336	0.76147395	0.0075609377	0.08975001	79.0	2953.529773712158
13	1.5077949	7.2502117	9.0	-6.0	8.864142	3.7562084	4.5785356	12.295009	-8.115524	56000	3.7252903e-09	23.08406	-0.011394135	-2.4180193	0.7563399	0.008104699	0.07700001	79.0	3175.597151517868
14	1.8047297	7.2522373	9.1	-6.0	8.97973	3.9367592	4.6605034	14.165153	-12.420403	60000	1.6298145e-08	23.869492	0.0019332978	-2.1754708	0.74286544	0.012906566	0.13749999	9.0	3313.8672275543213
15	2.4089622	7.216139	9.0	-6.0	9.400944	3.9143937	4.8191166	13.700897	-11.331902	64000	1.21071935e-08	24.87839	0.0052526956	-3.1161418	0.75479114	0.014188008	0.1745	1.0	3424.6592106819153
16	1.9071252	7.264665	9.0	-6.0	9.798526	4.177711	4.407071	11.599165	-8.604583	68000	-1.6763806e-08	27.889511	0.0005948227	-3.565981	0.76182336	0.012523605	0.11524999	4.0	3534.971527814865
17	2.7283292	7.183111	9.0	-6.0	9.641646	4.3197174	4.431318	17.049461	-10.041981	72000	-9.313226e-09	23.111858	-0.011244407	-2.1762986	0.7346632	0.006738603	0.078	79.0	3644.398131608963
18	3.568421	6.975974	9.0	-6.0	9.929825	4.8071074	4.3122873	13.429761	-12.452672	76000	-6.519258e-09	22.592415	-0.008819355	-2.4043179	0.7344852	0.003699508	0.082	79.0	3753.1222801208496
19	2.7532847	7.173973	9.0	-6.0	9.693431	5.035351	4.0552726	11.821401	-9.392256	80000	3.7252903e-09	23.736721	-0.012644045	-2.7916765	0.7047869	0.0075644418	0.08575	79.0	3863.3812754154205
20	3.089756	7.0928197	9.1	-6.0	9.712195	4.785931	4.4376783	12.682465	-9.785566	84000	-7.916242e-09	21.42591	-0.011917606	-2.6271586	0.687301	0.010250313	0.14325	79.0	3973.841510772705
21	3.7251244	6.935337	9.0	-6.0	9.88806	5.413168	4.273597	12.61713	-9.283879	88000	-2.6077032e-08	19.224518	-0.013571928	-2.4450517	0.6569676	0.012452808	0.1275	36.0	4083.457488298416
22	3.96206	6.85878	9.0	-6.0	10.002513	5.323041	4.3614993	14.123037	-8.147517	92000	-1.1175871e-08	19.915953	0.0022530258	-2.7949166	0.65363777	0.013958389	0.215	8.0	4192.1908230781555
23	4.0054545	6.837619	9.0	-6.1	10.335065	5.6086817	4.0028176	12.010143	-10.834593	96000	-1.4901161e-08	21.830263	-0.012798101	-2.9571414	0.631763	0.0060233073	0.091	79.0	4301.729818344116
24	5.259893	6.2526183	9.0	-5.9	10.636364	6.048161	3.7186985	11.93431	-8.70108	100000	4.656613e-09	17.891392	-0.009442201	-2.8770847	0.583459	0.0054081017	0.0825	79.0	4412.352682590485
25	4.615844	6.5994716	9.0	-6.0	10.335065	5.9926386	3.904879	34.06497	-10.23895	104000	-1.8626451e-09	17.110527	0.0039819023	-3.0904713	0.5580831	0.014336852	0.16925	4.0	4521.027137756348
26	4.6314435	6.5796304	9.0	-6.2	10.257732	6.244532	3.7930593	12.30476	-9.361237	108000	1.4901161e-08	17.595436	0.006421159	-2.5285366	0.53003657	0.014606786	0.17275	6.0	4628.153096437454
27	5.324	6.2022543	9.0	-6.0	10.626667	6.191495	3.828853	13.746291	-10.848935	112000	3.7252903e-09	16.030643	0.0108037535	-2.5244584	0.5089822	0.012873573	0.14375001	1.0	4736.356001377106
28	4.6071997	6.5981836	9.0	-5.9	10.5946665	6.2796874	3.6911702	13.352918	-11.0420685	116000	-1.4901161e-08	19.309963	-0.00071338145	-3.1191945	0.50316584	0.012111234	0.10625	2.0	4843.366371393204
29	5.5085106	6.1170526	9.0	-5.9	10.606383	6.250572	3.738841	11.635015	-10.134608	120000	1.8626451e-09	16.784252	0.008179652	-4.2321396	0.5047802	0.018273115	0.17025	3.0	4954.129500865936
30	5.2745943	6.272248	9.0	-6.0	10.767568	6.4433203	3.642085	12.481073	-7.9909143	124000	-3.7252903e-09	18.339148	0.002649433	-2.9780734	0.49902052	0.02233948	0.2105	6.0	5063.123794555664
31	5.0960526	6.3522196	9.0	-5.9	10.486842	6.3549657	3.6523106	12.0747795	-8.98379	128000	-7.450581e-09	15.952904	0.009497534	-2.7559383	0.48991805	0.019930206	0.13499999	3.0	5172.429003238678
32	5.248907	6.263158	9.0	-6.0	10.898907	6.290017	3.578518	12.16499	-8.277926	132000	-1.3038516e-08	18.664455	0.0010233035	-3.4961896	0.47452986	0.013698577	0.166	6.0	5280.486856222153
33	5.0831995	6.3580217	9.0	-5.9	10.634666	6.34001	3.7355459	12.66819	-10.692903	136000	1.0244548e-08	15.81122	0.009241695	-2.6820579	0.4456542	0.015969902	0.14025	1.0	5388.80228304863
34	5.0724673	6.3768225	9.0	-6.0	10.314285	6.609522	3.648624	13.234959	-8.964361	140000	-1.3969839e-08	13.7951975	0.00925945	-2.724915	0.44872203	0.015376106	0.17375	3.0	5498.494132757187
35	5.233245	6.2915163	9.0	-5.9	10.566489	6.435717	3.926764	14.949126	-11.308731	144000	0.0	15.180672	0.003346506	-2.544497	0.45423955	0.012730485	0.1195	5.0	5607.934465646744
36	4.688298	6.5801826	9.0	-6.0	10.563829	6.106167	4.095814	13.084727	-11.772819	148000	1.3038516e-08	17.265213	0.0032585075	-3.590403	0.42111373	0.01701137	0.15325	6.0	5716.873663663864
37	5.625469	6.0253015	9.0	-6.0	10.635388	6.326028	3.8537595	13.086351	-9.512947	152000	1.1175871e-08	14.931241	0.00079953845	-4.7097473	0.4252922	0.0136171905	0.096750006	10.0	5827.579466819763
38	5.7118425	5.988009	9.0	-6.0	10.513158	6.81935	3.8034742	12.204688	-15.875932	156000	-6.519258e-09	14.392075	-0.002014689	-2.9046679	0.42014778	0.012877335	0.120000005	20.0	5937.109649419785
39	5.1367188	6.347619	9.0	-6.3	10.3515625	6.7531586	3.6967177	12.470335	-9.267243	160000	3.7252903e-09	14.329842	0.0061199986	-3.0677133	0.4268148	0.014154367	0.149	5.0	6046.619666337967
40	5.01618	6.405202	9.0	-6.0	10.580902	6.253382	4.2028804	16.565624	-9.732385	164000	2.0489097e-08	16.74044	-0.0018644654	-3.5853302	0.40438417	0.013225343	0.092250004	10.0	6154.395379543304
41	5.486059	6.120056	9.0	-6.0	10.689008	6.4224367	3.9027996	13.535986	-12.07527	168000	3.7252903e-09	12.793178	-0.0076169777	-2.4830515	0.39333797	0.012099985	0.0815	75.0	6263.4163064956665
42	4.886911	6.473509	9.0	-5.9	10.424084	6.298703	4.0620656	16.149494	-11.039314	172000	3.7252903e-09	16.032934	-0.008032405	-3.3904948	0.3937077	0.007018384	0.048	79.0	6372.957129716873
43	5.812903	5.902874	9.0	-5.9	10.688172	6.599451	3.6786435	14.743747	-10.707776	176000	1.8626451e-09	16.312643	-0.0018931362	-4.3829546	0.40637922	0.015061958	0.148	8.0	6480.893396615982
44	6.3204308	5.509563	9.0	-6.0	10.72043	7.041427	3.1991212	14.945579	-9.007908	180000	-2.0489097e-08	14.662019	0.0016651936	-4.321555	0.40135854	0.01564268	0.1375	6.0	6588.676525115967
45	5.2566133	6.280264	9.1	-6.0	10.5291	6.896484	3.3858147	13.948663	-8.038112	184000	0.0	15.950048	-0.0010474809	-4.5121145	0.35557947	0.012040073	0.10425	50.0	6697.489686489105
46	5.7607427	5.9485593	9.0	-6.0	10.562334	6.6861844	3.6841753	12.870294	-11.9123535	188000	-2.3283064e-09	14.529737	-0.0067444067	-3.7382994	0.35260516	0.0064841295	0.05325	79.0	6806.27609038353
47	5.872074	5.8775167	9.0	-5.9	10.561171	7.0143023	3.6770837	12.491116	-13.451464	192000	2.7939677e-09	11.726154	-0.0063173473	-2.7609758	0.35505462	0.0034381212	0.055749997	79.0	6916.352206707001
48	6.0221934	5.7495794	9.0	-6.0	10.63369	7.0699477	3.4496315	14.931339	-11.622925	196000	-1.8626451e-09	12.786357	-0.0054279203	-3.3777723	0.34281778	0.0050594723	0.042	79.0	7024.540126085281
49	6.4856353	5.334249	9.0	-6.0	10.972376	7.161254	3.359054	12.53378	-10.227859	200000	-6.9849193e-09	10.8057	0.001060534	-2.9557867	0.34229657	0.016477799	0.06275	2.0	7132.532826662064
50	5.646809	6.031367	9.0	-5.9	10.553191	7.149758	3.289992	16.070496	-10.3953705	204000	0.0	14.338932	-0.0038351258	-4.2440696	0.3358806	0.005584999	0.07775	79.0	7242.245503664017
51	6.2894597	5.5382524	9.0	-6.0	10.754054	6.8325343	3.6617787	11.98112	-16.366926	208000	-1.4901161e-08	11.393685	-0.0012454265	-3.6957164	0.33350194	0.012790255	0.113749996	10.0	7351.338061332703
52	6.5035725	5.3374343	9.0	-6.1	10.925824	7.328311	3.2862034	12.346221	-11.707604	212000	-6.519258e-09	10.044159	-0.0056965663	-2.8242953	0.32483736	0.00419996	0.061499998	79.0	7460.741711854935
53	6.651782	5.2239256	9.0	-6.0	10.879452	7.358877	3.2990365	12.812345	-13.052636	216000	1.8626451e-09	10.4602165	-0.003811641	-2.964678	0.32155788	0.012474901	0.041500002	26.0	7570.770094633102
54	6.17285	5.631606	9.0	-5.9	10.717742	7.4110785	3.069802	12.374514	-10.55896	220000	-1.1175871e-08	11.340975	-0.008259812	-3.2763386	0.32096577	0.006890683	0.057499997	79.0	7681.599200487137
55	6.0072203	5.7753096	9.0	-5.9	10.649733	7.017913	3.6599257	12.429662	-10.43624	224000	1.1175871e-08	10.428038	0.002646058	-3.175506	0.33010143	0.014412185	0.10475	17.0	7791.01521229744
56	6.433964	5.4097624	9.0	-6.0	10.727763	7.1134663	3.7654843	16.088024	-15.989399	228000	-2.3283064e-09	11.314568	0.0027857833	-3.8519754	0.34493792	0.012795379	0.12975001	6.0	7899.204548358917
57	6.1397295	5.653333	9.0	-6.0	10.764865	7.2579203	3.3797414	17.454218	-9.956784	232000	1.8626451e-09	11.574181	0.008732943	-3.280708	0.34382355	0.019754145	0.11175	1.0	8008.977892637253
58	6.538718	5.2986283	9.0	-5.9	11.075209	7.093171	3.4161007	15.879457	-12.35644	236000	0.0	12.787214	-0.0040482413	-3.8728983	0.34271148	0.0045633917	0.044749998	79.0	8119.927723407745
59	5.9098363	5.829496	9.0	-6.0	10.846994	7.2769866	3.1223276	22.136011	-10.014911	240000	5.5879354e-09	13.3713	0.007355593	-4.2368	0.34345427	0.013579312	0.105749995	1.0	8228.390449285507
60	5.85	5.89503	9.0	-5.9	10.547619	6.679852	3.7563488	13.667396	-14.008097	244000	1.8626451e-09	13.577734	-0.0003495966	-4.0774508	0.3474314	0.013227182	0.1295	16.0	8337.330739736557
61	6.215385	5.5717087	9.0	-6.0	10.923077	6.9576964	3.8290694	12.397758	-22.757488	248000	-1.8626451e-09	11.546095	-0.0008482485	-4.2671003	0.32533345	0.012188636	0.14575	29.0	8446.640754461288
62	5.6061654	6.049793	9.0	-5.9	10.69437	7.0280733	3.595076	19.743778	-9.524217	252000	-1.7695129e-08	12.651597	-0.005211978	-4.1060324	0.33332652	0.012283277	0.13300002	79.0	8555.271043300629
63	6.620166	5.212841	9.0	-6.0	11.008287	6.972804	3.6388023	13.784887	-12.474869	256000	2.7939677e-09	12.25223	0.012317544	-4.4132085	0.31646952	0.016233273	0.106000006	3.0	8662.494805335999
64	6.154294	5.615401	9.0	-6.3	11.033241	7.23283	3.2004735	12.202492	-8.688215	260000	9.313226e-09	13.820917	0.0015924284	-4.907241	0.30577493	0.012127037	0.08400001	3.0	8771.164494752884
65	6.4591784	5.3854094	9.0	-5.9	10.887671	7.265799	3.4251401	14.645424	-12.691236	264000	4.1909516e-09	11.448178	-0.005457488	-4.2091827	0.30313253	0.0048477743	0.060999997	79.0	8879.802218675613
66	6.034417	5.7233443	9.0	-6.0	10.794038	7.003749	3.5143065	13.769932	-13.8018875	268000	-3.7252903e-09	13.180822	-0.0059636757	-4.036456	0.29855317	0.003808109	0.048	79.0	8989.25832939148
67	6.198361	5.6081567	9.0	-6.2	10.830601	7.0757704	3.4184537	16.372555	-9.993764	272000	0.0	11.014166	0.008137876	-3.8475919	0.2847931	0.019404557	0.1155	8.0	9096.973643541336
68	5.963564	5.809866	9.0	-5.9	10.577127	7.2461395	3.4229865	16.331402	-12.814198	276000	-9.313226e-09	11.4201565	0.0054608327	-4.1639204	0.26925525	0.023442829	0.0755	3.0	9206.105105638504
69	6.696399	5.1709785	8.9	-6.3	11.01385	6.875695	3.9188635	15.574883	-12.897146	280000	1.0244548e-08	14.588856	0.006482464	-5.9378595	0.27762613	0.013410807	0.087	4.0	9314.552752017975
70	6.10137	5.6795835	9.0	-6.0	10.90411	7.284348	2.9488447	12.332295	-8.18726	284000	-3.259629e-09	12.8977165	0.0008268603	-4.525838	0.26801804	0.01213439	0.078999996	2.0	9423.896914482117
71	6.434067	5.384455	9.0	-6.0	10.934066	6.991579	3.6201544	15.623333	-10.21894	288000	3.7252903e-09	11.766275	0.0129926605	-3.9973223	0.28029346	0.024642851	0.10425	1.0	9531.556936740875
72	6.542319	5.3212094	9.0	-6.0	10.722372	7.385758	3.1576698	12.662156	-12.777328	292000	6.9849193e-10	11.070897	0.008849023	-3.3682466	0.2780094	0.01775275	0.117750004	3.0	9642.16055893898
73	6.0161724	5.7710505	9.0	-6.0	10.727763	7.4278107	3.1198559	13.620939	-10.343165	296000	9.313226e-09	12.502783	0.012967161	-4.3609695	0.27100432	0.017898932	0.09825	2.0	9749.960837841034
74	5.992	5.782303	9.0	-6.0	10.613334	6.725033	4.1015673	17.47757	-16.122807	300000	1.8626451e-09	12.279554	0.0036649187	-4.5856943	0.27025294	0.02591827	0.106	3.0	9857.762284994125
75	6.8721	4.965073	9.0	-6.0	10.975138	7.3599586	3.2293234	13.766748	-8.690284	304000	1.2572855e-08	10.06757	0.0026735966	-4.0338435	0.26426518	0.020548815	0.1045	1.0	9966.524113416672
76	6.308034	5.5007195	9.0	-6.0	11.01939	7.2732706	3.308225	17.957489	-10.02032	308000	0.0	12.505018	0.0047986796	-4.7113523	0.25486407	0.014176803	0.068749994	2.0	10073.534826040268
77	6.2686653	5.54107	9.0	-5.9	10.8828335	7.131563	3.5384293	13.20575	-8.97357	312000	1.094304e-08	13.544367	0.014905791	-5.0301285	0.27028376	0.018857958	0.09975	1.0	10181.894167661667
78	6.0816493	5.7057366	9.0	-6.0	10.593085	7.5166473	2.974535	13.9623995	-7.1166863	316000	0.0	12.602774	0.0073065204	-4.7568674	0.27413458	0.015739668	0.121999994	6.0	10289.105811357498
79	6.407084	5.4242373	9.0	-5.9	10.861035	7.140036	3.7147093	13.423706	-13.759913	320000	-1.8626451e-09	10.914803	0.013866674	-4.100189	0.2696939	0.021458495	0.11925	1.0	10396.710216760635
80	6.2506924	5.5576463	9.0	-6.0	11.038781	7.168416	3.4960756	14.30459	-9.537313	324000	7.450581e-09	11.979153	0.0025752448	-3.955689	0.26705012	0.013255609	0.06	3.0	10504.75749874115
81	6.36411	5.48242	9.0	-6.0	10.879452	7.3621683	3.2854428	13.431504	-11.282377	328000	0.0	10.938759	0.0040357956	-4.102982	0.2624308	0.015990186	0.0785	1.0	10612.331498861313
82	6.52822	5.2959833	9.0	-6.0	10.882192	7.1259456	3.5950012	17.459585	-13.98319	332000	-7.450581e-09	11.212172	0.005846981	-4.924523	0.26077354	0.016435524	0.083749995	1.0	10720.660002708435
83	6.5094094	5.3590784	9.0	-6.1	10.712365	7.4465876	3.008341	15.824777	-11.813676	336000	-9.313226e-10	11.374868	-0.0020606052	-4.469244	0.26762736	0.01351059	0.0675	5.0	10830.531157016754
84	6.21084	5.6030955	9.0	-6.2	10.791327	7.196669	3.5073657	13.615893	-11.113807	340000	-9.313226e-09	12.085797	0.0027981459	-4.280486	0.2640094	0.018038118	0.1435	5.0	10937.50137424469
85	6.330055	5.4750624	9.0	-6.0	10.879782	7.194584	3.3796296	14.821557	-12.624135	344000	-1.8626451e-09	10.763704	-0.004526442	-4.1074004	0.27583164	0.0042790463	0.043250002	79.0	11046.224903583527
86	6.811111	5.055029	9.0	-6.5	11.055555	7.4224453	3.3283339	14.511777	-12.484237	348000	7.450581e-09	9.169979	-0.0061716074	-3.8183937	0.268709	0.0075122355	0.054	79.0	11155.532654047012
87	6.374247	5.4601116	9.0	-6.0	10.915069	7.3968344	3.2537994	14.167663	-10.080686	352000	-1.1175871e-08	10.909017	-0.005235453	-4.237605	0.26278886	0.004578123	0.05125	79.0	11265.171169996262
88	6.3537188	5.482872	9.0	-6.0	10.980717	7.216455	3.5469553	13.945687	-12.039046	356000	-1.5366822e-08	11.787565	0.0051909788	-4.165292	0.25615245	0.015550502	0.12324999	59.0	11374.201553583145
89	6.882353	4.963886	9.0	-6.0	11.148459	7.2496886	3.2541857	12.047245	-10.209809	360000	0.0	11.08435	-0.004927541	-4.4095545	0.2659561	0.0052099796	0.0445	79.0	11481.115798473358
90	5.984468	5.7833643	9.1	-6.0	10.86376	7.218562	3.3798308	16.469934	-10.740474	364000	-8.381903e-09	13.733377	-1.7022598e-05	-5.6544714	0.24916497	0.0128490785	0.12175	7.0	11590.064476966858
91	6.075339	5.729169	9.0	-6.3	10.791327	6.8716855	3.8376172	15.446573	-9.828306	368000	-4.656613e-10	12.957147	-0.0038936832	-4.6707788	0.24314132	0.0029700587	0.052249998	79.0	11699.215248823166
92	6.2658463	5.5589347	9.0	-6.3	10.838798	7.0924454	3.6669562	14.008318	-17.33645	372000	-7.450581e-09	9.8210945	-0.003725417	-4.28718	0.2518121	0.0054365313	0.069	79.0	11810.293413162231
93	6.9691877	4.872187	9.0	-5.9	11.120448	7.379077	3.3573983	12.530154	-11.578254	376000	-8.381903e-09	9.779101	-0.0006776077	-3.9070559	0.249458	0.015172971	0.09275	1.0	11917.718884706497
94	6.775275	5.0786176	9.0	-6.2	10.956044	7.5601277	3.2095053	19.32505	-14.973599	380000	1.0244548e-08	10.578665	0.00568195	-4.506206	0.24896698	0.014652239	0.09325	1.0	12026.95243883133
95	6.7495914	5.1199923	9.0	-6.1	10.841962	7.6610937	2.7668452	15.573709	-10.486806	384000	1.3038516e-08	9.895959	0.0018427037	-4.123471	0.24954979	0.012185201	0.0755	6.0	12135.765595197678
96	6.702193	5.155489	9.0	-6.4	10.923287	7.51762	3.3196173	14.530036	-15.756242	388000	-7.450581e-09	9.774672	0.0013743043	-4.242517	0.2404598	0.012074525	0.07975	5.0	12242.900067567825
97	6.6768804	5.115784	9.0	-6.1	11.086351	7.499463	3.288817	19.617163	-11.414651	392000	-1.1641532e-08	11.523815	-0.0035382733	-4.870925	0.22868177	0.0017308526	0.042999998	79.0	12351.08804988861
98	6.402487	5.4312906	9.0	-6.3	10.975138	7.367966	3.2828329	21.223673	-11.437123	396000	7.450581e-09	13.416626	-0.0032276497	-6.397896	0.22919461	0.013126441	0.077	71.0	12460.402510881424
99	6.596459	5.2709856	9.0	-6.0	10.87466	7.494177	3.06047	15.37734	-9.935043	400000	9.313226e-10	11.160802	-0.0042456435	-4.859865	0.22412688	0.0019480299	0.0425	79.0	12571.005163192749
100	7.066759	4.7797127	9.0	-5.9	11.049862	7.3578954	3.58227	15.786267	-13.368731	404000	3.7252903e-09	8.668458	-0.0014137187	-4.0428133	0.21004245	0.012059634	0.070250005	32.0	12681.935758590698
101	6.748895	5.0927434	9.0	-5.9	10.964088	7.5512886	3.323157	14.009291	-19.97691	408000	-6.519258e-09	10.725576	-0.0024530892	-4.3459496	0.22812122	0.002505167	0.0255	79.0	12790.369814395905
102	7.1217275	4.695043	9.0	-5.9	11.0947075	7.579563	3.054798	15.581035	-11.254762	412000	7.450581e-09	9.205912	0.00030969596	-4.09201	0.2109201	0.013020169	0.0755	49.0	12899.273517847061
103	6.888462	4.9886885	9.0	-5.9	10.923077	7.729783	2.995785	14.988063	-8.629858	416000	9.313226e-10	9.822685	0.011883733	-4.268992	0.2061685	0.027937647	0.11625	1.0	13007.091010570526
104	6.3453093	5.492989	9.0	-6.4	10.675603	7.315946	3.676797	13.745163	-17.599796	420000	5.5879354e-09	10.589428	-0.003275922	-4.495867	0.20707965	0.012942884	0.07425	65.0	13116.767475366592
105	6.4609165	5.4145217	9.0	-6.0	10.727763	7.1650324	3.769597	16.152418	-17.774942	424000	1.8626451e-09	10.036566	0.0052175648	-4.802409	0.20518312	0.017249784	0.09025	1.0	13226.536667585373
106	6.8263025	5.0314155	9.0	-6.0	10.915069	7.4957237	3.382286	13.124979	-11.952422	428000	3.7252903e-09	9.919815	0.0074111605	-4.749775	0.20880616	0.013042857	0.099	1.0	13334.31371974945
107	6.500275	5.33882	9.0	-5.9	10.958791	7.3209314	3.4475842	23.20038	-10.585012	432000	-1.1175871e-08	11.368515	0.0104660895	-5.0137033	0.20790346	0.027733846	0.11325	1.0	13443.548086643219
108	6.5058827	5.347069	9.0	-6.3	11.131653	7.491757	3.2913115	13.894689	-14.830307	436000	5.122274e-09	11.5581255	0.0017472728	-5.2920494	0.20309415	0.02049653	0.0915	2.0	13552.26445055008
109	7.145225	4.667092	9.0	-6.0	11.132023	7.4003706	3.3957598	17.61768	-17.592846	440000	-1.1175871e-08	9.042157	0.015399734	-4.6804457	0.2013976	0.02296582	0.1005	1.0	13660.328533649445
110	6.3349595	5.5113873	9.0	-6.0	10.769648	7.5359936	3.1685393	13.279529	-11.024384	444000	-1.4901161e-08	12.019847	0.00809139	-5.2005606	0.20312507	0.015142588	0.089999996	2.0	13769.593317985535
111	6.4366393	5.408768	9.0	-6.0	10.977962	6.8910604	3.9226036	12.497299	-11.712214	448000	1.3038516e-08	11.002611	0.013318516	-5.1012163	0.2062288	0.02104707	0.1025	1.0	13879.891521692276
112	6.8686275	4.989588	9.0	-6.3	11.1456585	7.4147573	3.4795501	16.430809	-14.991533	452000	0.0	10.860479	0.00073355983	-5.488883	0.19544724	0.012229882	0.06325	14.0	13989.310472488403
113	6.1749325	5.6164775	9.0	-5.9	10.866485	7.452672	3.0770073	17.27789	-9.383253	456000	0.0	13.2402935	0.0070043583	-6.3795605	0.21616957	0.012017779	0.09025	1.0	14100.457287549973
114	6.734531	5.115116	9.0	-5.9	10.969613	7.253634	3.7651782	14.896827	-18.80097	460000	-9.313226e-09	11.014966	0.008460823	-5.390127	0.21974283	0.017377436	0.0855	4.0	14209.72096657753
115	6.6403275	5.2226562	9.0	-5.9	10.8446865	7.468224	3.1498291	14.224577	-11.4305315	464000	1.1175871e-08	10.36724	0.011868434	-5.193899	0.2155281	0.019303277	0.09675	1.0	14316.288433074951
116	6.062006	5.74665	9.0	-6.0	10.488127	7.36863	3.3990846	18.200537	-8.942288	468000	-2.3283064e-08	11.312012	0.004126963	-4.8330884	0.20986865	0.03891441	0.13624999	4.0	14425.296679735184
117	6.5956526	5.283967	9.0	-6.0	10.809783	7.119003	3.8671026	14.909781	-14.159852	472000	-3.7252903e-09	11.028318	0.018205836	-5.331723	0.21314865	0.03274886	0.13575	1.0	14533.591542005539
118	5.875272	5.867019	9.0	-5.9	10.8125	6.9518147	4.005042	21.78967	-14.053432	476000	9.778887e-09	12.728947	0.0052858936	-5.960704	0.21573786	0.01678085	0.108	3.0	14642.110296726227
119	6.3857923	5.456431	9.0	-5.9	10.868853	7.204999	3.4540548	17.678806	-9.43921	480000	-7.450581e-09	12.222908	0.0035608336	-5.710199	0.21371517	0.013589466	0.0655	1.0	14750.17381119728
120	6.3189707	5.5002847	9.0	-5.9	10.794038	7.1064982	3.694413	16.010677	-16.233961	484000	-1.9324943e-08	11.927792	0.008763507	-5.3017435	0.21015997	0.015133989	0.07275	1.0	14859.309552907944
121	6.4609637	5.3949447	9.0	-5.9	10.657754	7.2790246	3.6140323	23.022488	-12.245616	488000	-1.8626451e-09	10.493558	-0.0026914296	-5.3000584	0.21062744	0.015137052	0.068749994	2.0	14968.31780409813
122	6.7882843	5.085364	9.0	-6.1	10.86376	7.4155087	3.3752043	13.806084	-11.031506	492000	1.8626451e-09	10.347609	0.0052116085	-4.7719316	0.21262547	0.026949706	0.103	1.0	15076.067596912384
123	6.506061	5.3255057	9.0	-6.0	10.972452	7.4975705	3.2947443	14.963521	-9.951196	496000	2.3283064e-09	10.058704	0.008401263	-4.7834554	0.20793056	0.01318397	0.06925	1.0	15186.075928926468
124	5.7219515	5.9838295	9.0	-6.0	10.802168	6.848104	4.0154552	18.433208	-12.238038	500000	1.3969839e-09	12.564226	0.00083664956	-5.7816653	0.20966837	0.022646165	0.09725	9.0	15293.845398426056
