Epoch	AverageEpRet	StdEpRet	MaxEpRet	MinEpRet	EpLen	AverageVVals	StdVVals	MaxVVals	MinVVals	TotalEnvInteracts	LossPi	LossV	DeltaLossPi	DeltaLossV	Entropy	KL	ClipFrac	StopIter	Time
0	3.583623	6.876878	9.5	-8.8	9.82134	-0.02189633	0.0479178	0.09244937	-0.17865503	4000	-3.7252903e-08	62.321033	-0.012099714	-35.60768	1.6077718	0.013636958	0.16325	4.0	71.63852834701538
1	4.019542	6.771709	9.5	-7.5	8.245322	5.4440017	2.2887628	9.84494	-0.2992707	8000	1.6763806e-08	25.185425	-0.018770881	-1.8632865	1.597131	0.012421514	0.21575	26.0	141.66858839988708
2	4.8396516	6.5955787	9.5	-7.2	7.696325	5.991334	2.43301	10.714883	-0.9447876	12000	-1.8626451e-09	26.43144	-0.016440945	-1.3679962	1.5690365	0.010247096	0.1885	79.0	199.1436026096344
3	5.0623903	6.5119243	9.5	-6.9	7.0210896	6.1559024	2.3458064	10.190422	-5.413897	16000	-1.0244548e-08	24.654505	-0.015759692	-1.4855585	1.5349131	0.012266686	0.2275	25.0	259.45749521255493
4	5.1003566	6.4836774	9.5	-7.3	7.1069517	6.682191	2.2590935	10.30851	-2.1672397	20000	-1.4901161e-08	24.543186	-0.0118292365	-0.80436134	1.4981487	0.012560956	0.114999995	14.0	319.90814304351807
5	5.370818	6.383233	9.5	-7.5	7.0569396	6.475026	2.232914	9.850361	-3.8198483	24000	1.1175871e-08	23.8401	-0.010299516	-0.99090385	1.4428438	0.012323204	0.1385	14.0	392.49473762512207
6	5.728042	6.185185	9.5	-8.3	7.005291	6.649575	2.2243917	10.104824	-6.3916507	28000	8.381903e-09	22.641115	-0.0053731855	-0.94750357	1.3849088	0.015702132	0.17925	5.0	458.89706325531006
7	5.847259	6.1830883	9.5	-6.1	5.8977776	6.787618	1.9276377	10.172316	-3.195199	32000	8.381903e-09	22.787231	-0.004462125	-1.2642264	1.2794356	0.014254037	0.17475	5.0	523.8825733661652
8	5.923324	6.185103	9.5	-8.0	5.571229	6.8194423	2.221692	10.834035	-5.695077	36000	-5.5879354e-09	26.274723	-0.0027017475	-1.8144541	1.1597128	0.013017589	0.1875	5.0	590.1388709545135
9	6.570861	5.756342	9.5	-5.9	5.284768	6.8503447	1.995006	10.67298	-2.42527	40000	-3.7252903e-09	22.17397	-0.012085779	-1.8297081	1.0128362	0.0051477267	0.095249996	79.0	650.5845828056335
10	5.8912983	6.2141557	9.5	-5.8	5.1779222	7.273244	1.9887583	11.558637	-1.9727035	44000	1.21071935e-08	24.393423	-0.012075132	-1.4826293	1.0119044	0.010527143	0.10525	79.0	704.3094530105591
11	5.8611903	6.264233	9.5	-5.8	5.1655884	6.8070703	2.2987623	12.002771	-5.763076	48000	-1.3969839e-08	24.49096	-0.009518834	-1.5774717	0.9340182	0.005233902	0.091749996	79.0	760.2178254127502
12	6.168904	6.085613	9.5	-5.7	5.1496773	6.7940097	2.5294044	11.23236	-2.4507992	52000	-2.7939677e-09	22.014294	-0.009229861	-1.3296461	0.90377545	0.0067839907	0.08325	79.0	815.6377186775208
13	6.359694	5.987545	9.5	-5.8	5.089286	7.041383	2.5235777	11.345671	-3.5599616	56000	1.4901161e-08	20.997232	-0.004686774	-1.295928	0.86418724	0.013190134	0.20750001	10.0	870.6179783344269
14	6.656728	5.710369	9.5	-5.8	5.266491	7.2502856	2.4714522	11.419865	-2.7100725	60000	-3.7252903e-09	19.505558	-0.010814849	-0.9322064	0.8669523	0.0061928523	0.08875	79.0	927.4247105121613
15	6.7141733	5.676935	9.5	-6.1	5.233596	7.3956895	2.4561555	11.615026	-5.9195495	64000	-3.7252903e-09	18.094688	-0.012206473	-1.2097688	0.8176516	0.008803589	0.11575	79.0	986.0490684509277
16	6.7089615	5.7153683	9.5	-6.6	5.183117	7.460319	2.6630352	11.177121	-14.058393	68000	2.7939677e-09	17.05187	-0.0042266953	-1.4088497	0.7501766	0.0128236525	0.1355	6.0	1055.3268048763275
17	6.76631	5.6635017	9.5	-5.7	5.3315506	7.506454	2.669739	12.203646	-7.972201	72000	-9.313226e-09	17.087914	-0.009991245	-1.0416887	0.70257854	0.012058676	0.096250005	75.0	1122.7450392246246
18	6.738882	5.706215	9.5	-5.9	5.3142476	7.5462065	2.6270437	11.989266	-5.135118	76000	2.0023435e-08	16.618835	-0.009532003	-1.185318	0.65406775	0.008462105	0.0745	79.0	1185.237343788147
19	7.1291833	5.3509555	9.5	-5.8	5.3480587	7.616745	2.753937	12.433963	-7.47988	80000	-1.8626451e-09	15.959102	-0.010763826	-1.3053608	0.61881113	0.003837208	0.087	79.0	1238.7351400852203
20	7.1265416	5.3481464	9.5	-5.6	5.3431635	7.7662334	2.5618584	12.298755	-6.398452	84000	9.313226e-09	14.046724	-0.009894595	-1.2734876	0.59240055	0.005398436	0.09875	79.0	1290.5557725429535
21	7.09468	5.371087	9.5	-5.7	5.451569	7.9158707	2.5513103	12.454223	-6.510998	88000	1.6298145e-08	15.163043	-0.010961013	-0.9774325	0.55788636	0.012215921	0.0955	50.0	1341.5491750240326
22	7.702223	4.72724	9.5	-5.6	5.547222	7.874823	2.4488025	11.00457	-8.400988	92000	-7.450581e-09	10.717495	-0.009144455	-1.0835185	0.5105256	0.0049945787	0.07225	79.0	1394.4015045166016
23	7.4013643	5.062577	9.5	-5.7	5.4542975	8.246383	2.3813713	12.98213	-7.00349	96000	-5.5879354e-09	12.662626	-0.003417653	-0.8923745	0.49547005	0.01342278	0.12825	4.0	1448.6208486557007
24	7.439041	5.0036616	9.5	-5.6	5.472603	8.06946	2.3880086	11.917914	-6.0475726	100000	0.0	11.896055	-0.009994129	-0.7639537	0.43764043	0.009234114	0.09125	79.0	1510.5435121059418
25	7.379155	5.0777326	9.5	-5.7	5.43188	8.128989	2.355945	12.539364	-8.00572	104000	-1.0244548e-08	12.344234	-0.0089744	-0.9230695	0.41313124	0.0060479604	0.071499996	79.0	1571.50470495224
26	7.508311	4.9499598	9.5	-5.8	5.434605	8.060009	2.4381092	12.659861	-9.652132	108000	-3.7252903e-09	11.996625	-0.0077267117	-1.0236137	0.4282984	0.007760301	0.089	79.0	1628.6358997821808
27	7.709877	4.707996	9.5	-5.6	5.4801097	8.222629	2.3800597	12.3106985	-7.9957376	112000	-6.519258e-09	10.176746	-0.008374214	-0.81010866	0.38968864	0.006972583	0.05325	79.0	1686.625803232193
28	7.75956	4.6824694	9.5	-5.6	5.485557	8.254361	2.3923182	12.877455	-8.0310335	116000	-7.450581e-09	10.177891	-0.008538746	-0.7256198	0.3795901	0.00741601	0.06725	79.0	1756.4519212245941
29	7.799323	4.600691	9.5	-5.6	5.407859	8.352486	2.32646	11.797537	-9.6705265	120000	-8.6729415e-09	8.457106	-0.0061290497	-0.8389373	0.35186142	0.007877171	0.056500003	79.0	1824.8737938404083
30	7.897794	4.4906793	9.5	-5.6	5.5048275	8.507324	2.1505516	12.087667	-6.5336404	124000	3.7252903e-09	9.912636	-0.0071686013	-0.9248576	0.3461625	0.003038865	0.063	79.0	1892.7185020446777
31	7.8643837	4.545571	9.5	-5.5	5.4657536	8.33451	2.2283762	11.1481695	-7.246183	128000	-1.1175871e-08	9.528559	-0.006451043	-0.86249256	0.35240677	0.007466904	0.078999996	79.0	1953.7530534267426
32	7.910929	4.4951053	9.5	-5.7	5.453552	8.466198	2.1721964	11.223246	-7.091462	132000	6.519258e-09	9.3812275	-0.008009701	-0.8627355	0.34329033	0.0067655346	0.073	79.0	2018.355839729309
33	8.110339	4.2216997	9.5	-5.5	5.427211	8.447552	2.1449773	11.560875	-7.2046757	136000	-2.7939677e-09	7.136828	-0.007401998	-0.9870908	0.3472061	0.005622059	0.06125	79.0	2072.0571999549866
34	7.663244	4.7904296	9.5	-5.6	5.3945947	8.550124	2.342191	12.04724	-8.077495	140000	1.3038516e-08	9.669277	-0.008306679	-1.2131509	0.36117524	0.0063807657	0.066750005	79.0	2125.450569629669
35	7.7979593	4.6305327	9.5	-5.9	5.4217687	8.317043	2.4847436	12.123172	-7.90731	144000	-3.7252903e-09	8.97176	-0.008693822	-0.98866594	0.35571238	0.004099178	0.073	79.0	2178.9560499191284
36	8.009656	4.345657	9.5	-5.6	5.489655	8.463477	2.2222233	11.921972	-8.980439	148000	1.1175871e-08	8.740868	-0.0060789334	-0.96201646	0.35233694	0.004208428	0.04775	79.0	2232.6347482204437
37	7.995935	4.361237	9.5	-5.6	5.406504	8.480732	2.183433	11.577597	-7.0825295	152000	0.0	7.630434	-0.0070422366	-1.023374	0.35138965	0.0080316635	0.06725	79.0	2287.502116203308
38	7.8480926	4.556636	9.5	-5.5	5.442779	8.526211	2.2023323	13.514266	-6.3270936	156000	1.0244548e-08	8.50416	-0.0061480226	-0.8609476	0.3407014	0.0051196404	0.066	79.0	2347.552550315857
39	7.9177594	4.4594603	9.5	-5.6	5.453552	8.48255	2.3104484	11.584008	-7.9863224	160000	1.9557774e-08	8.1424675	-0.007917299	-0.9015653	0.32621065	0.0040224493	0.062750004	79.0	2414.920383453369
40	7.8410325	4.577218	9.5	-5.6	5.4211955	8.507538	2.258158	12.244238	-9.3142805	164000	-1.0244548e-08	8.782264	-0.007511308	-0.9995296	0.33172798	0.0046556545	0.05625	79.0	2486.3112914562225
41	7.857672	4.551456	9.5	-5.8	5.4643836	8.441623	2.31428	13.000934	-6.6073213	168000	-1.9557774e-08	9.493373	-0.0107587455	-1.233324	0.31951335	0.009047104	0.062	79.0	2558.507721185684
42	7.979235	4.408221	9.5	-5.6	5.453552	8.354967	2.3111467	11.947842	-6.937396	172000	-9.313226e-09	9.361797	-0.008481931	-1.225758	0.3388048	0.0048630033	0.05925	79.0	2626.976458311081
43	7.976944	4.4216633	9.5	-5.5	5.3512063	8.454894	2.296607	13.407417	-6.854884	176000	-2.0489097e-08	8.12109	-0.007948019	-0.90919137	0.3371809	0.011082217	0.0755	79.0	2683.886137485504
44	8.029144	4.33906	9.5	-5.6	5.3368983	8.552664	2.1710653	11.539256	-7.083047	180000	1.3969839e-08	7.855336	-0.00834775	-0.795897	0.33458015	0.00428012	0.07075	79.0	2749.528988599777
45	8.210135	4.07261	9.5	-5.5	5.3986487	8.630734	2.1368728	11.936224	-7.692499	184000	-9.080395e-09	6.419894	-0.0070882486	-0.7411437	0.33710316	0.0069180857	0.05775	79.0	2811.4241976737976
46	7.890788	4.5219636	9.5	-5.6	5.337784	8.59868	2.2276983	11.600212	-7.6145344	188000	-1.0244548e-08	8.954054	-0.0060339128	-1.150009	0.33610415	0.0034060404	0.048249997	79.0	2882.550619840622
47	7.9058905	4.5074463	9.5	-5.6	5.3453817	8.429461	2.4395323	12.08732	-7.216788	192000	1.8626451e-08	9.132797	-0.007075969	-0.84154546	0.32912716	0.0036924158	0.04525	79.0	2947.82821559906
48	7.762385	4.7001805	9.5	-5.7	5.2900662	8.431237	2.3787682	14.892202	-7.276664	196000	9.778887e-09	8.888303	-0.007979551	-1.1528541	0.33443728	0.0072590103	0.061	79.0	3016.357902288437
49	8.150741	4.181543	9.5	-5.5	5.370121	8.493643	2.2715964	12.301522	-6.861206	200000	1.8626451e-08	7.33768	-0.008475514	-1.1592916	0.34375492	0.00436496	0.054250002	79.0	3081.181615829468
50	7.9534574	4.4510474	9.5	-5.4	5.305851	8.542095	2.3090346	12.588877	-9.242991	204000	-1.1175871e-08	7.225028	-0.0075334995	-1.1302181	0.332441	0.0036637075	0.03125	79.0	3138.83784031868
51	8.048472	4.3282084	9.5	-5.5	5.3054447	8.534504	2.3709354	11.204729	-8.201913	208000	5.122274e-09	8.03117	-0.008493515	-1.0109544	0.33207315	0.0047625974	0.070999995	79.0	3197.3008596897125
52	8.356685	3.8606088	9.5	-5.6	5.3368983	8.649565	2.055131	12.095419	-7.8269196	212000	-1.8626451e-08	6.3039093	-0.008327599	-0.9300391	0.32730442	0.0037054932	0.06825	79.0	3254.4501509666443
53	7.8225727	4.630413	9.5	-5.6	5.2388453	8.672412	2.255591	11.843298	-8.572744	216000	-8.381903e-09	8.689716	-0.0078099347	-1.3622731	0.32532138	0.003382004	0.04075	79.0	3311.8342158794403
54	8.164861	4.1703243	9.5	-5.5	5.273448	8.48579	2.2999582	12.254086	-6.245623	220000	-2.6077032e-08	7.0906253	-0.007491286	-1.1698	0.31133994	0.0038567637	0.05375	79.0	3369.278326034546
55	8.118037	4.238089	9.5	-5.6	5.291777	8.727394	2.2446122	14.637434	-10.204156	224000	9.313226e-09	7.627033	-0.008768044	-1.1688172	0.30201396	0.006903257	0.060500003	79.0	3426.212845802307
56	7.8474674	4.5938725	9.5	-5.6	5.325333	8.443307	2.5454667	11.745808	-11.986988	228000	3.7252903e-09	8.807769	-0.005931805	-1.4866055	0.30323792	0.01279819	0.10275	23.0	3482.2558991909027
57	7.8810143	4.564031	9.5	-5.5	5.1950583	8.422982	2.4383473	11.949911	-7.338095	232000	-1.3038516e-08	8.2949705	-0.007354243	-1.3488683	0.31075785	0.004732158	0.055499997	79.0	3539.982266664505
58	8.038351	4.3543963	9.5	-5.6	5.2185864	8.505319	2.399957	13.015289	-7.24273	236000	-6.519258e-09	8.02916	-0.004405964	-1.2038023	0.29317605	0.013351755	0.099999994	12.0	3596.0828013420105
59	7.8835263	4.568874	9.5	-5.5	5.14157	8.503618	2.4304252	12.376613	-9.373188	240000	-1.6763806e-08	8.383629	-0.007446179	-1.085415	0.30317828	0.005069225	0.0635	79.0	3655.1197588443756
60	8.304031	3.9772136	9.5	-5.5	5.1911573	8.602408	2.2196095	11.590012	-8.438113	244000	0.0	7.041629	-0.0072132265	-0.9444612	0.2976771	0.0028389427	0.055	79.0	3711.9870359897614
61	8.187646	4.131907	9.5	-5.5	5.184655	8.633834	2.2786696	12.638737	-7.6270046	248000	-1.4901161e-08	7.4805746	-0.007727797	-1.1125187	0.2870223	0.006001044	0.059750002	79.0	3768.3550131320953
62	8.163508	4.198456	9.5	-5.4	5.112676	8.59213	2.2544987	12.281824	-9.405802	252000	6.519258e-09	6.8089123	-0.0047353744	-0.9143745	0.28793198	0.0125582395	0.057749998	8.0	3825.7410230636597
63	8.007613	4.403099	9.5	-5.4	5.1496773	8.694866	2.2533185	12.231646	-8.122405	256000	1.1175871e-08	7.1086493	-0.009041264	-1.2339318	0.2764641	0.007319539	0.062250003	79.0	3897.989496946335
64	8.06727	4.3279114	9.5	-5.5	5.1617074	8.514281	2.4862583	12.62969	-7.7149982	260000	-2.4447218e-09	7.608114	-0.0054291156	-1.4915419	0.27847224	0.006575425	0.0375	79.0	3969.762129545212
65	8.295995	3.9962287	9.5	-5.5	5.1537466	8.631275	2.3231	11.582327	-9.597584	264000	-7.566996e-09	7.11425	-0.008176003	-1.2387384	0.27423346	0.005666192	0.0615	79.0	4050.959169626236
66	8.130322	4.245981	9.5	-5.7	5.148387	8.620875	2.3612177	12.440912	-14.083991	268000	0.0	7.219072	-0.006141778	-1.1420214	0.27954742	0.0064920923	0.05775	79.0	4116.060763835907
67	8.061868	4.3301616	9.5	-5.4	5.1789885	8.538656	2.4582782	13.416841	-11.3251	272000	7.450581e-09	7.024464	-0.0072882636	-1.1217993	0.28969613	0.004462272	0.051	79.0	4178.774564266205
68	7.923247	4.516727	9.5	-5.5	5.183117	8.636549	2.3515987	12.982977	-8.072328	276000	-2.0489097e-08	7.974718	-0.008565079	-1.096803	0.2745354	0.0053404067	0.0575	79.0	4238.522038698196
69	8.250258	4.0605936	9.5	-5.6	5.1589146	8.5848255	2.3143785	14.643937	-8.660374	280000	3.7252903e-09	7.3096056	-0.009180681	-0.96966517	0.27905074	0.0049861344	0.057	79.0	4310.91867184639
70	8.23711	4.0687375	9.5	-5.5	5.1940103	8.629192	2.2121153	13.561009	-6.9515667	284000	-1.1175871e-08	6.876219	-0.006081915	-1.1918224	0.27861038	0.0022867387	0.044	79.0	4378.098032951355
71	8.197947	4.149355	9.5	-5.5	5.119384	8.572763	2.3913167	12.081086	-11.820526	288000	-1.8626451e-08	6.595842	-0.008427024	-1.372099	0.2835262	0.0067932084	0.06825	79.0	4439.874908685684
72	8.071485	4.3266497	9.5	-5.6	5.156129	8.645965	2.2975357	12.243551	-10.489583	292000	1.44355e-08	7.4632654	-0.0033528337	-1.2160474	0.26478663	0.013776498	0.081	9.0	4504.04199385643
73	8.238804	4.081359	9.5	-5.5	5.0801525	8.627047	2.3668745	11.364702	-8.698419	296000	2.0489097e-08	6.512618	-0.0072686514	-1.0925016	0.26754308	0.0029110261	0.038000003	79.0	4569.2040758132935
74	8.41643	3.813875	9.5	-5.6	5.163001	8.720314	2.0847702	12.58313	-7.1108217	300000	1.1175871e-08	7.080341	-0.007381036	-1.3307661	0.25565088	0.0045156875	0.057749998	79.0	4637.043545007706
75	8.229681	4.1060553	9.5	-5.5	5.0917196	8.705137	2.2033925	11.517529	-9.028833	304000	1.8626451e-09	6.9720984	-0.004957744	-1.1365858	0.23753583	0.0019661048	0.031999998	79.0	4701.030905246735
76	8.300258	3.9833868	9.5	-5.6	5.1417527	8.772124	2.044273	13.112992	-6.478055	308000	-1.1641532e-08	6.492427	-0.0063753007	-1.1433622	0.25497258	0.0037069293	0.04775	79.0	4767.066467285156
77	8.0904455	4.3015003	9.5	-5.6	5.082803	8.739694	2.229574	13.080663	-7.1658015	312000	1.3038516e-08	6.963787	-0.0076925484	-1.0313518	0.24821702	0.0068647787	0.05575	79.0	4833.993165254593
78	8.295478	3.992314	9.5	-5.6	5.1589146	8.650266	2.267093	11.856447	-7.6830497	316000	-1.7695129e-08	6.689355	-0.0067492626	-1.1471171	0.24717142	0.003906743	0.04425	79.0	4900.053830623627
79	8.212692	4.1252046	9.5	-5.6	5.116667	8.707868	2.142841	11.60372	-8.181505	320000	-2.4214387e-08	6.8129478	-0.0072666337	-1.1892599	0.23806903	0.0033053	0.045	79.0	4964.464113712311
80	7.8240504	4.6591034	9.5	-5.5	5.050633	8.440359	2.6345544	11.350135	-7.253423	324000	3.5390258e-08	8.062377	-0.009055099	-1.3743211	0.2366672	0.006461626	0.05275	79.0	5032.0823085308075
81	8.317542	3.972706	9.5	-5.6	5.1088347	8.579585	2.3953462	12.369935	-13.092872	328000	0.0	6.0326014	-0.0066575436	-1.204303	0.25087523	0.0017391213	0.057749998	79.0	5092.859262466431
82	8.159021	4.1994743	9.5	-5.5	5.136598	8.734955	2.2250292	13.370938	-8.616301	332000	-1.44355e-08	8.1875725	-0.0055890996	-1.7216091	0.23650105	0.0039342972	0.03825	79.0	5151.218180656433
83	7.8476424	4.6223187	9.5	-5.6	5.090446	8.444983	2.539206	11.916016	-14.195153	336000	1.8626451e-09	8.144571	-0.008580213	-1.5069435	0.23082621	0.00787069	0.05975	79.0	5221.660276412964
84	8.006924	4.415599	9.5	-5.5	5.123077	8.544321	2.4927871	11.002865	-7.755628	340000	1.8626451e-08	7.0321813	-0.006992739	-1.0986849	0.23093808	0.003973946	0.03825	79.0	5283.914889097214
85	8.392052	3.8538141	9.5	-5.5	5.1179485	8.64703	2.3327422	16.606743	-9.206596	344000	5.5879354e-09	6.497317	-0.008514086	-1.4244657	0.22431874	0.00393207	0.050499998	79.0	5345.146603822708
86	8.200255	4.1428175	9.5	-5.4	5.0983396	8.667804	2.390151	14.84685	-7.212715	348000	-5.5879354e-09	6.5460362	-0.0072450927	-1.4427379	0.2350562	0.005252169	0.043250002	79.0	5407.842433929443
87	8.159948	4.2004457	9.5	-5.5	5.157623	8.720358	2.2683425	11.866825	-7.926597	352000	2.1304004e-08	7.780717	-0.009485213	-1.4007297	0.22830623	0.005586681	0.05075	79.0	5471.749436378479
88	8.289576	4.016434	9.5	-5.6	5.135135	8.667778	2.2755873	12.582626	-10.214411	356000	3.213063e-08	6.4975953	-0.0020579293	-1.1480622	0.23396982	0.012337666	0.08275	7.0	5533.732474327087
89	7.9293523	4.527557	9.5	-5.5	5.0775094	8.561604	2.4604723	13.338088	-8.268295	360000	-5.5879354e-09	8.150985	-0.006253026	-1.7266273	0.227353	0.005863397	0.0435	79.0	5596.69260263443
90	7.980432	4.4499846	9.5	-5.5	5.0749683	8.487359	2.509181	12.137471	-9.602613	364000	6.519258e-09	7.8131094	-0.007916736	-1.7111328	0.21100892	0.0060714735	0.0475	79.0	5657.467219591141
91	8.364313	3.8876202	9.5	-5.5	5.1245184	8.590658	2.3629332	12.264788	-7.8855047	368000	2.3748726e-08	6.4582343	-0.006992317	-1.731197	0.21411704	0.003536012	0.0445	79.0	5717.562620162964
92	7.955371	4.466427	9.5	-5.5	5.101023	8.7068405	2.337253	12.804819	-7.7555094	372000	0.0	7.445475	-0.006064837	-1.4199437	0.21874669	0.002562237	0.042	79.0	5778.627744913101
93	8.278617	4.032984	9.5	-5.6	5.1139565	8.615479	2.2917998	11.91943	-7.4501934	376000	9.313226e-10	6.6876917	-0.008046382	-1.4208785	0.2276994	0.003628218	0.0425	79.0	5851.089713335037
94	8.1907215	4.163184	9.5	-5.5	5.1417527	8.616813	2.4244385	11.993561	-10.801641	380000	1.3038516e-08	7.220789	-0.00677827	-1.2832644	0.23488201	0.0063513704	0.05525	79.0	5921.15683054924
95	8.291806	4.003371	9.5	-5.5	5.110115	8.691674	2.2699704	13.048119	-8.5982	384000	9.313226e-09	6.1189995	-0.0055165244	-1.4748499	0.23783295	0.0047640973	0.03575	79.0	5986.614158630371
96	8.246736	4.0646863	9.5	-5.5	5.112676	8.726859	2.2778718	11.902466	-8.650072	388000	3.7252903e-09	6.291069	-0.0048367567	-1.199197	0.23976879	0.0035482473	0.0365	79.0	6050.886405944824
97	8.193998	4.147073	9.5	-5.5	5.0970626	8.734958	2.2725987	13.745702	-8.635725	392000	6.0535967e-09	6.605851	-0.008356843	-1.4386673	0.2628609	0.008881404	0.0595	79.0	6114.262922048569
98	8.002293	4.4281664	9.5	-5.5	5.0726113	8.531752	2.657877	11.808126	-9.712824	396000	7.450581e-09	6.7506547	-0.007918051	-1.4234315	0.26403412	0.0038332287	0.0485	79.0	6178.740525007248
99	8.263845	4.0418897	9.5	-5.5	5.1179485	8.694399	2.3663664	12.344013	-7.510593	400000	7.683411e-09	6.1744094	-0.0062702857	-1.5097872	0.25028268	0.005146507	0.030250002	79.0	6242.927634239197
100	8.322223	3.9638348	9.5	-5.5	5.149871	8.64984	2.3866825	13.256192	-7.6504073	404000	-1.7695129e-08	6.2842765	-0.007670046	-1.384272	0.25702897	0.003263811	0.036750004	79.0	6302.959766387939
101	8.320026	3.9533262	9.5	-5.4	5.1181	8.669764	2.3545957	12.721237	-9.788694	408000	6.9849193e-09	6.0635066	-0.0060888566	-1.5297343	0.25332242	0.0026916806	0.032750003	79.0	6368.225908279419
102	8.200129	4.1507387	9.5	-5.6	5.1141024	8.712693	2.3227632	12.857702	-12.016489	412000	1.8626451e-08	6.783677	-0.0073370645	-1.7730243	0.25632006	0.0067154244	0.05525	79.0	6430.714783191681
103	8.150448	4.2081122	9.5	-5.6	5.1152368	8.589464	2.5376704	14.631087	-11.113987	416000	-1.8626451e-09	7.169074	-0.008776028	-1.8246224	0.2603454	0.008263707	0.053000003	79.0	6500.684009552002
104	8.287035	4.0075693	9.5	-5.5	5.127086	8.633342	2.3433127	13.932746	-9.183563	420000	-9.313226e-09	6.224071	-0.008122874	-1.5393965	0.26550543	0.0028362647	0.044	79.0	6560.559598207474
105	8.300128	3.9998643	9.5	-5.5	5.106138	8.71473	2.2697768	11.895224	-12.806448	424000	2.0489097e-08	6.3889008	-0.006119489	-1.5178077	0.25758952	0.002438181	0.0425	79.0	6619.3304533958435
106	8.392507	3.8486512	9.5	-5.5	5.157623	8.823992	2.1587062	13.377753	-8.090093	428000	2.2351742e-08	6.79071	-0.005764338	-1.3661187	0.25164053	0.0035196082	0.041500002	79.0	6677.83011674881
107	7.9405856	4.5046334	9.5	-5.5	5.0725193	8.625487	2.4639246	15.97321	-8.06469	432000	-1.4901161e-08	7.246193	-0.007379276	-1.8012019	0.2441224	0.004384149	0.042999998	79.0	6737.4502675533295
108	8.455173	3.7476628	9.5	-5.5	5.1034484	8.516314	2.498223	14.117402	-10.542076	436000	-1.6763806e-08	5.5964594	-0.007320047	-1.668966	0.24164571	0.005042269	0.04575	79.0	6796.565853357315
109	8.144174	4.2331305	9.5	-5.4	5.1139565	8.856408	2.204181	13.924167	-7.670773	440000	1.4901161e-08	7.36538	-0.008568019	-1.8576479	0.23615405	0.002309228	0.050750002	79.0	6855.504698038101
110	8.088875	4.3093266	9.5	-5.5	5.1086955	8.572075	2.5015492	12.988586	-7.777143	444000	-1.8626451e-09	7.165179	-0.007260818	-1.5355525	0.23283154	0.0031951147	0.05525	79.0	6914.588765621185
111	7.989527	4.4432383	9.5	-5.6	5.0983396	8.503931	2.5242376	14.265983	-11.421705	448000	-1.3969839e-09	8.21556	-0.0077039446	-1.8507705	0.22462279	0.007493485	0.0435	79.0	6972.545319318771
112	8.297695	4.0080323	9.5	-5.5	5.1152368	8.623216	2.4241562	14.708322	-7.210433	452000	-5.5879354e-09	6.876314	-0.0073645567	-1.635354	0.24565688	0.0046489397	0.04625	79.0	7032.195326328278
113	8.181099	4.1690826	9.5	-5.5	5.0983396	8.689529	2.3796513	13.078869	-8.56584	456000	1.3038516e-08	6.2814264	-0.007243209	-1.4418659	0.24226859	0.0050272313	0.057	79.0	7091.4147045612335
114	8.366667	3.878661	9.5	-5.6	5.1789885	8.71559	2.2841525	13.655445	-7.532096	460000	-1.8626451e-09	5.691019	-0.007888491	-1.1969169	0.25280368	0.0043851268	0.067	79.0	7150.23020195961
115	8.343742	3.9248269	9.5	-5.5	5.1432257	8.789916	2.1672902	13.214133	-6.809974	464000	1.8626451e-08	5.486197	-0.0060436283	-1.4387813	0.25403535	0.0033245638	0.020750001	79.0	7209.225347280502
116	8.41141	3.8237464	9.5	-5.5	5.116667	8.683542	2.3632562	14.269694	-12.507215	468000	5.5879354e-09	5.977889	-0.008791672	-1.7441614	0.26849058	0.0049062534	0.06425	79.0	7267.80585360527
117	8.17882	4.1779943	9.5	-5.5	5.1181	8.814243	2.2438622	13.788939	-7.745307	472000	-2.6077032e-08	7.0117846	-0.008111576	-1.994965	0.26316828	0.003129687	0.056500003	79.0	7326.704248666763
118	8.338423	3.9308162	9.5	-5.6	5.1668825	8.677386	2.4030044	13.722001	-10.348572	476000	5.5879354e-09	6.0219707	-0.0066407947	-1.6081533	0.26765275	0.0048446003	0.041	79.0	7391.844604253769
119	8.343187	3.9245012	9.5	-5.5	5.128535	8.823386	2.081103	14.272679	-8.346339	480000	5.5879354e-09	6.2964807	-0.009989369	-1.7942297	0.2654839	0.0030435557	0.053	79.0	7451.139560461044
120	7.8756347	4.5920744	9.5	-5.5	5.063452	8.594378	2.5530655	12.686837	-9.04669	484000	3.7252903e-09	7.4388056	-0.008271625	-1.7206559	0.26622793	0.004887807	0.05325	79.0	7508.6836059093475
121	8.0986	4.299439	9.5	-5.5	5.0826974	8.447912	2.6572697	12.083475	-7.850862	488000	9.313226e-09	7.179753	-0.008062629	-1.7295805	0.27241975	0.004026187	0.0475	79.0	7566.937560558319
122	7.9920917	4.436699	9.5	-5.5	5.091837	8.533601	2.7176452	12.69357	-9.389103	492000	-2.6077032e-08	7.9687896	-0.0059938994	-2.1473842	0.2616891	0.0040878514	0.046499997	79.0	7626.406687498093
123	8.2763195	4.0193553	9.5	-5.4	5.138996	8.501331	2.5495837	14.364471	-9.633092	496000	1.9557774e-08	6.611428	-0.006133779	-1.653511	0.26054043	0.00304073	0.051	79.0	7685.169696807861
124	8.346795	3.914798	9.5	-5.6	5.1217947	8.799012	2.1934628	16.701231	-7.56003	500000	1.8626451e-09	6.2610826	-0.0058721243	-1.7313442	0.2560768	0.0032664929	0.039499998	79.0	7743.158720970154
