Epoch	AverageEpRet	StdEpRet	MaxEpRet	MinEpRet	EpLen	AverageVVals	StdVVals	MaxVVals	MinVVals	TotalEnvInteracts	LossPi	LossV	DeltaLossPi	DeltaLossV	Entropy	KL	ClipFrac	StopIter	Time
0	-0.6451923	5.275801	9.0	-6.5	12.701923	-0.041021645	0.07213934	0.25176263	-0.22348213	4000	-3.7252903e-09	23.125217	-0.011874044	-4.972539	1.0950415	0.012613472	0.24775	3.0	111.95401906967163
1	0.14854652	6.201116	9.0	-6.5	11.59593	0.7130804	2.2586672	6.7836986	-4.0611205	8000	-9.313226e-09	27.197632	-0.014994407	-1.7594461	1.0932208	0.013236916	0.3135	4.0	225.36593866348267
2	1.3328729	6.631921	9.1	-6.5	10.980663	1.9024756	2.8423233	9.546376	-4.983577	12000	2.4680048e-08	30.823406	-0.008066166	-1.9967532	1.0642257	0.01788525	0.207	4.0	339.569571018219
3	2.1918573	6.960948	9.2	-6.5	10.142493	3.1120806	2.7867203	10.163792	-6.161918	16000	-1.1175871e-08	34.841404	-0.0034352955	-2.7885442	1.0019599	0.017105183	0.3815	4.0	454.17184233665466
4	1.4929577	7.04048	9.1	-6.3	9.366198	3.80698	2.7725868	11.879909	-7.3718567	20000	9.313226e-09	33.549797	-0.012908707	-3.568211	0.9228946	0.007448774	0.0855	79.0	571.9110567569733
5	2.473449	6.9860706	9.1	-6.3	9.880894	4.158531	3.4441066	13.879666	-15.212103	24000	1.1175871e-08	30.04153	-0.01496237	-2.3617678	0.922806	0.009596743	0.09875	79.0	696.4507675170898
6	2.66575	6.932586	9.1	-6.3	9.9675	4.191706	3.4408672	14.448984	-17.038162	28000	-1.8626451e-08	29.946478	-0.016882233	-2.7543826	0.9343364	0.0061987094	0.12825	79.0	812.8338854312897
7	3.2713177	6.8481784	9.1	-6.5	10.310078	4.7896724	3.2855978	14.093863	-12.710754	32000	-3.7252903e-09	28.736149	-0.01816734	-2.6153216	0.9429668	0.010627799	0.13175	79.0	930.720654964447
8	3.3445876	6.902536	9.0	-6.5	10.239691	4.655082	3.1518612	12.714707	-9.589632	36000	-9.313226e-09	28.363535	-0.0063394085	-2.6842418	0.93167645	0.012422783	0.13125	6.0	1048.8260552883148
9	4.197878	6.587042	9.0	-6.4	10.541114	5.4232125	3.1254404	14.289121	-4.8297873	40000	-1.8626451e-09	23.876478	-0.020993747	-2.4976597	0.91613317	0.012393711	0.16225	52.0	1164.8752179145813
10	4.399189	6.563282	9.1	-6.3	10.737838	5.769259	3.007174	13.220303	-8.841935	44000	-1.8626451e-09	24.531513	-0.008110507	-2.6228943	0.8781849	0.012417326	0.094	7.0	1281.75310587883
11	4.433967	6.4710827	9.1	-6.3	10.82337	5.9634576	2.954476	15.075117	-13.635009	48000	5.5879354e-09	23.48161	-0.0081374375	-2.9129834	0.85805935	0.015552015	0.22475	4.0	1417.019547700882
12	5.5771585	5.931196	9.1	-6.1	11.08078	6.153019	2.7512689	14.183644	-5.939549	52000	-3.7252903e-09	20.054775	-0.016895887	-2.8048518	0.80092025	0.012305789	0.17300001	68.0	1533.8732771873474
13	5.6411266	5.8531322	9.0	-6.0	11.194366	6.5931973	2.6207964	12.26678	-4.290628	56000	9.313226e-10	17.186405	-0.0071523255	-2.3624887	0.7931651	0.012343291	0.20475	13.0	1650.556552886963
14	5.359207	6.097283	9.0	-6.4	11.280454	6.8168526	2.6226428	12.946328	-6.280651	60000	-3.7252903e-09	19.52541	-0.009538049	-2.7833211	0.76260686	0.012366548	0.16499999	6.0	1767.1606903076172
15	5.8011394	5.83124	9.0	-6.0	11.361823	6.700696	2.8684444	22.133028	-6.995058	64000	9.313226e-10	16.186913	-0.007975275	-2.857015	0.7120946	0.012007807	0.18	5.0	1882.4646270275116
16	6.826686	4.9104733	9.0	-6.0	11.645162	7.2573504	2.6615798	16.716196	-7.8948007	68000	1.1175871e-08	11.726007	0.0029127537	-1.8275356	0.6636929	0.01326982	0.15349999	1.0	2022.0537824630737
17	5.901105	5.7003922	9.1	-6.0	11.016575	7.597581	2.1294792	12.968264	-6.698691	72000	7.450581e-09	14.59074	-0.0024620183	-2.5787983	0.6509913	0.015581569	0.189	3.0	2169.6814098358154
18	6.141854	5.5159945	9.1	-6.2	11.19382	7.0655885	2.8994992	13.148836	-7.3851323	76000	-5.9371814e-09	13.475687	0.007703143	-1.7485437	0.6612726	0.014898833	0.1695	1.0	2329.4896585941315
19	5.612754	5.8974676	9.0	-6.0	11.553623	7.063719	2.7416978	14.975905	-7.6192565	80000	-5.5879354e-09	17.779263	0.0011736257	-2.4726498	0.6509275	0.01635765	0.19025001	3.0	2471.7248718738556
20	6.180454	5.5152726	9.0	-6.1	11.283286	6.8878736	2.6379006	14.316515	-7.939913	84000	-1.3038516e-08	13.534314	-0.0041773007	-2.7565253	0.62627745	0.015606035	0.18375	3.0	2623.5251393318176
21	6.9369183	4.821078	9.0	-6.0	11.5901165	7.3838944	2.645464	12.77827	-6.0652285	88000	8.381903e-09	12.164242	-0.0056698243	-2.1866765	0.5900686	0.012642594	0.16275	8.0	2797.6492822170258
22	7.1861353	4.510978	9.0	-6.0	11.766962	7.920316	1.9771242	11.893453	-4.800935	92000	-5.5879354e-09	8.411167	-0.009939267	-1.2208197	0.57513356	0.0127125615	0.1075	12.0	2926.502926826477
23	6.9210377	4.802364	9.0	-6.1	11.481268	7.7782674	2.224865	13.664021	-6.273483	96000	0.0	10.022295	-0.008233128	-1.8312932	0.54739374	0.0138761215	0.12025	7.0	3052.657146692276
24	7.0266867	4.6691937	9.0	-6.0	11.6979475	7.749239	2.2773058	11.901662	-9.639567	100000	-6.519258e-09	10.499469	-0.0057761027	-2.6263056	0.54034567	0.01512273	0.19925	9.0	3189.50541639328
25	6.8265667	4.8989105	8.9	-5.9	11.883582	7.811246	2.1679957	13.456002	-6.511768	104000	8.381903e-09	11.844756	-0.0028362938	-2.6274	0.5056299	0.016589228	0.207	6.0	3312.0526711940765
26	7.520414	4.064593	9.0	-6.0	11.778107	7.833625	2.2020123	14.234699	-9.616016	108000	-1.8626451e-09	7.543762	0.0022762585	-1.650707	0.4918993	0.019695595	0.23949999	4.0	3443.7144083976746
27	6.94806	4.7845635	9.0	-5.9	11.862686	7.94477	2.1682234	14.597267	-9.712097	112000	1.4901161e-08	10.144821	-0.008175239	-1.754669	0.47988853	0.016797967	0.163	11.0	3567.1943752765656
28	7.6317506	3.8558943	9.0	-5.9	11.813056	7.827981	2.0837507	13.358358	-6.620529	116000	-6.519258e-09	6.8504467	-0.0064621726	-1.6315606	0.44220242	0.013872496	0.1465	9.0	3705.2116837501526
29	7.875075	3.4758382	9.1	-5.9	11.9399395	8.149006	1.7370456	11.615421	-3.046139	120000	-1.0244548e-08	6.4456086	-0.009143731	-1.3889443	0.4103439	0.012144232	0.09550001	33.0	3863.69815993309
30	7.771302	3.6815674	8.9	-6.1	11.784023	8.26944	1.5643228	11.347175	-6.70268	124000	9.313226e-10	6.574171	-0.0037789312	-1.2491703	0.39696446	0.012822914	0.1255	5.0	3996.5492067337036
31	7.955059	3.3024933	8.9	-5.9	11.818453	8.215734	1.7621082	11.7759	-10.942183	128000	-1.8626451e-09	6.0218787	-0.004535786	-1.6153536	0.38487008	0.012430929	0.09825	7.0	4130.974660396576
32	7.9697604	3.288414	9.0	-6.0	11.919162	8.329787	1.5443791	15.45229	-8.690616	132000	3.7252903e-09	5.152862	-0.005551357	-1.0109894	0.38824102	0.013253594	0.16275	10.0	4281.965430736542
33	7.5869436	3.9612603	8.9	-6.0	11.816024	8.281308	1.7214643	12.448245	-5.805287	136000	-1.1175871e-08	7.3405476	-0.0056710197	-1.9697685	0.36883324	0.013174128	0.10375	8.0	4426.687517881393
34	8.043751	3.1782684	8.9	-5.9	11.824405	8.283269	1.6618024	11.692929	-5.061282	140000	-7.450581e-09	4.277195	0.00017571542	-0.8174751	0.36084652	0.01701609	0.116	3.0	4571.948451280594
35	7.992192	3.2205794	9.0	-5.9	11.96997	8.36925	1.6614206	12.688349	-10.019926	144000	-6.9849193e-09	5.1712856	0.0024344926	-1.0276964	0.3510507	0.012569133	0.1535	3.0	4729.628604888916
36	8.245563	2.6568756	9.0	-5.9	11.775148	8.456788	1.242562	12.350676	-5.4533587	148000	1.3038516e-08	3.1827188	-0.0012373105	-0.8698417	0.3439088	0.01269451	0.15675	4.0	4860.873581647873
37	7.8124623	3.5973234	9.0	-6.1	11.78635	8.445516	1.5719022	12.3865385	-8.254041	152000	8.381903e-09	5.7478423	-0.0035311473	-1.3471959	0.33254194	0.012531659	0.117	10.0	5004.163947343826
38	8.261862	2.70552	9.0	-5.9	11.975976	8.279216	1.7346991	12.2051525	-7.187755	156000	-3.7252903e-09	3.929603	-0.0090042	-1.2515042	0.31635904	0.007746599	0.073	79.0	5142.518874645233
39	8.138856	2.9510207	8.9	-5.9	11.98494	8.540941	1.1935372	15.097278	-1.3633802	160000	-1.8626451e-09	4.9617743	-0.00074068736	-1.3368486	0.31638682	0.01606902	0.13125	1.0	5279.734498977661
40	8.074631	3.1632485	9.0	-5.9	11.731564	8.418641	1.4519111	15.995261	-7.802034	164000	-7.450581e-09	4.8224616	-0.0019638822	-1.586812	0.3232429	0.013344301	0.16425	8.0	5435.515194416046
41	8.416217	2.2678273	9.0	-6.1	11.933934	8.40717	1.4802629	12.434353	-4.720108	168000	5.5879354e-09	3.9361892	-0.007300377	-1.120453	0.32248563	0.012245204	0.09275	33.0	5599.070880413055
42	8.446061	2.1434324	9.0	-5.9	12.054545	8.597358	1.0334841	11.992912	-1.9002047	172000	7.450581e-09	3.5557048	-0.005367203	-1.6771772	0.3266719	0.012441059	0.0985	9.0	5744.849278926849
43	8.262501	2.715743	9.0	-6.0	11.869047	8.652488	1.2179857	12.199611	-7.8167715	176000	4.656613e-09	4.330343	-0.0026983486	-1.2743049	0.32695752	0.015097632	0.1425	6.0	5895.466882228851
44	8.209145	2.744972	9.0	-5.9	11.713864	8.517555	1.3687495	15.863125	-4.8461385	180000	3.7252903e-09	4.2509756	-0.003213141	-1.2055659	0.33652288	0.014576983	0.1195	4.0	6047.357807636261
45	8.366269	2.4685175	9.0	-5.9	11.859701	8.524608	1.2535052	13.612741	-10.285345	184000	0.0	2.939883	-0.0022592917	-0.9171435	0.34746343	0.015144229	0.13624999	3.0	6191.69305562973
46	7.8684363	3.5096211	9.0	-5.9	11.728614	8.563506	1.2670033	11.416408	-4.600478	188000	-3.7252903e-09	5.5052905	-0.008953031	-1.7469099	0.355547	0.007264213	0.084	79.0	6343.431949853897
47	8.336637	2.499329	9.0	-5.9	11.978979	8.37355	1.6468852	12.089061	-6.008177	192000	0.0	4.195153	-0.005071548	-1.2884636	0.33919162	0.01264059	0.1505	3.0	6487.359748840332
48	8.375914	2.3676295	9.0	-5.9	12.125	8.649041	1.129989	12.495717	-3.052118	196000	2.7939677e-09	2.766211	-0.0024702125	-1.2754914	0.34707287	0.012515772	0.12525	6.0	6631.551007509232
49	8.544579	1.7995485	9.0	-5.9	11.993976	8.609896	1.2429248	11.878591	-5.8435016	200000	-2.7939677e-09	2.0650582	-0.0031587253	-0.79597026	0.35046554	0.0120991785	0.10975	7.0	6773.121734380722
50	8.537238	1.9187225	9.0	-5.9	11.924925	8.706608	0.9950369	13.238472	-2.615041	204000	2.7939677e-09	1.4228772	-0.007026797	-0.4443199	0.34648907	0.0077583315	0.0915	79.0	6915.925495624542
51	8.3727	2.4534047	9.0	-5.9	11.821959	8.696626	1.0901794	12.478361	-5.311057	208000	-5.122274e-09	2.634048	-0.0012748701	-0.5976026	0.35103154	0.015686542	0.1415	6.0	7059.820128440857
52	8.133431	2.9903655	9.0	-6.1	11.627566	8.574834	1.1848161	12.102484	-0.7823298	212000	2.0489097e-08	4.1060553	-0.003971397	-0.5915682	0.35632598	0.021639785	0.16125	2.0	7200.6980402469635
53	8.154491	2.9337437	9.0	-5.9	11.868263	8.507202	1.1251293	11.253559	-3.0602407	216000	7.450581e-09	4.407514	-0.00376919	-1.437525	0.3418775	0.012054432	0.078	6.0	7335.518310070038
54	8.240653	2.7301335	9.0	-6.0	11.807121	8.445689	1.4112021	11.322668	-5.3503633	220000	-1.8626451e-09	4.482874	-0.0010456025	-1.3724878	0.33509374	0.019953258	0.15175	3.0	7448.779446601868
55	8.10994	3.0415976	8.9	-5.9	11.972892	8.450701	1.3839277	11.8166065	-5.8113	224000	-3.7252903e-09	4.6380863	-0.0022013457	-1.400137	0.3292722	0.016689744	0.12875	6.0	7562.569184064865
56	8.414414	2.2365992	8.9	-5.9	11.951952	8.522407	1.2902117	15.198047	-5.549588	228000	1.6763806e-08	2.356681	-0.00062815193	-0.97125655	0.32932627	0.01445201	0.12725	3.0	7676.157536506653
57	8.476737	2.1060915	9.0	-6.0	12.060423	8.597902	1.1665239	14.773528	-5.2064347	232000	0.0	3.0914598	-0.0041704616	-1.1776727	0.31139648	0.012126423	0.1105	9.0	7790.633918762207
58	8.551951	1.8092448	9.0	-5.9	11.927928	8.697175	1.0065408	12.08153	-4.0735106	236000	-1.8626451e-09	1.9031063	-0.005518051	-0.7612165	0.30375212	0.012380932	0.080749996	25.0	7904.795644283295
59	8.655857	1.3900561	8.9	-5.8	11.9399395	8.691339	0.999245	17.734735	-3.3609712	240000	7.450581e-09	1.2610537	-0.0042210757	-0.53760636	0.3030817	0.013994341	0.11475	17.0	8018.4429252147675
60	8.608708	1.6204816	9.0	-5.9	11.960961	8.748315	0.92921096	13.468074	-3.9885182	244000	-1.8626451e-09	1.5883559	-0.0014577417	-0.88287044	0.2965985	0.015162354	0.096	3.0	8131.911600351334
61	8.554192	1.8057702	9.0	-5.9	11.913174	8.693863	1.0590714	11.2988615	-10.481207	248000	-1.1175871e-08	2.0370436	-0.002832055	-0.58983386	0.30627397	0.013169132	0.1155	7.0	8244.99923825264
62	8.292857	2.6213424	9.0	-6.0	11.863095	8.673517	1.1075689	12.943011	-7.1555715	252000	-1.4901161e-08	3.85281	-0.004927431	-1.123868	0.31014317	0.015010928	0.1065	20.0	8359.206219911575
63	8.502381	2.0893137	8.9	-5.9	11.851191	8.516911	1.3746607	12.919125	-6.1973934	256000	-1.3969839e-09	2.966488	-0.005904434	-1.2878246	0.3059561	0.012234092	0.087249994	16.0	8475.687577486038
64	8.42883	2.2707853	9.0	-6.1	11.957958	8.659593	1.1134511	13.003269	-4.3211713	260000	-3.7252903e-09	3.3232238	-0.0037228889	-0.852952	0.29766205	0.015887225	0.09325	4.0	8592.441732883453
65	8.52	1.9318762	8.9	-5.9	12.072727	8.629837	0.9991206	13.49358	-3.238438	264000	3.7252903e-09	2.4115982	-0.00083586015	-1.3131552	0.3013754	0.013118867	0.1155	4.0	8707.974469661713
66	8.586269	1.779214	8.9	-5.9	11.898507	8.673472	1.1848134	14.274253	-6.059637	268000	1.1175871e-08	2.4877236	0.0036176264	-1.4327415	0.30042338	0.03453281	0.2095	1.0	8826.470099449158
67	8.546313	1.9236479	8.9	-5.8	11.734513	8.744361	0.8757853	13.032956	-0.082146466	272000	4.656613e-09	2.2632253	-0.0013289296	-0.55336285	0.31280673	0.021342076	0.0935	3.0	8976.549079656601
68	8.432344	2.2381358	8.9	-6.0	11.818991	8.75471	0.88711214	15.7578	2.5638635	276000	0.0	2.861618	0.0023920164	-0.5209807	0.31420735	0.027617397	0.171	1.0	9126.829713106155
69	8.461678	2.118785	8.9	-5.9	11.94012	8.663326	0.9777266	12.566359	0.5681073	280000	-5.5879354e-09	2.8593616	0.001434295	-0.64600325	0.29067346	0.01847406	0.15525	3.0	9277.119849205017
70	8.633732	1.5716033	8.9	-5.9	11.871642	8.661245	1.0175614	12.531005	-4.072076	284000	-1.8626451e-09	1.7323455	0.00064848084	-0.77019715	0.30398193	0.015038414	0.09975	2.0	9417.26589012146
71	8.678806	1.3654145	9.0	-5.8	11.868657	8.788965	0.8752151	12.129719	-0.11342788	288000	-7.450581e-09	1.0723715	-0.0037167864	-0.43294123	0.31496137	0.013982099	0.1295	8.0	9555.339916944504
72	8.753572	0.8415824	9.0	-5.8	11.869047	8.775711	0.82333356	12.273189	-1.0628436	292000	7.450581e-09	0.5828935	-0.002737628	-0.26686066	0.30490094	0.01349102	0.105749995	8.0	9704.205985069275
73	8.645267	1.4231989	9.0	-5.6	11.772189	8.807559	0.7546658	15.231175	-0.97776055	296000	5.122274e-09	1.0673795	-0.0041961595	-0.31188667	0.29396597	0.014007382	0.14825001	1.0	9854.641415596008
74	8.497613	2.0941694	9.0	-6.0	11.889552	8.753755	0.8076221	12.978668	-1.3756063	300000	5.5879354e-09	2.7367387	0.008419902	-0.8115014	0.29341733	0.01979807	0.16974999	1.0	10004.286019563675
75	8.069394	3.1472166	9.0	-6.0	12.033334	8.570049	1.2407966	12.894043	-9.488716	304000	3.7252903e-09	5.833875	-0.004797477	-1.801422	0.28033623	0.020005886	0.14500001	9.0	10159.201529979706
76	8.37515	2.4208326	9.0	-5.9	11.907186	8.421351	1.3453839	11.318268	-8.687201	308000	0.0	3.3976116	0.0051774234	-1.2116691	0.28233743	0.018701572	0.1595	1.0	10308.168863773346
77	8.441666	2.2355733	9.0	-5.9	11.863095	8.655441	0.9890496	15.009131	-2.7558255	312000	0.0	2.8589454	0.004426856	-0.9670534	0.29690558	0.018652286	0.14850001	1.0	10457.840068101883
78	8.421701	2.2576942	9.0	-6.1	11.67742	8.560787	1.1936918	11.530166	-8.217278	316000	-7.450581e-09	3.0857077	0.00032686163	-1.04112	0.2937442	0.01382169	0.15475	2.0	10610.579278469086
79	8.184412	2.9128256	9.0	-5.9	11.685294	8.606227	1.0754417	12.504678	-5.489901	320000	1.8626451e-09	4.6224256	0.0028055976	-1.4960928	0.29314262	0.038914427	0.21675	1.0	10759.075843334198
80	8.33904	2.5016105	9.0	-6.0	11.954955	8.4471245	1.438599	11.388089	-7.2209153	324000	-8.381903e-09	4.4034033	0.0020480258	-1.6704552	0.2809374	0.014878588	0.125	2.0	10908.604058504105
81	8.4503	2.1590188	9.0	-5.9	11.904192	8.577623	1.259038	13.144798	-4.0601945	328000	1.1641532e-09	2.6780152	0.010413313	-1.0008456	0.29978126	0.0251037	0.16125001	1.0	11057.696311950684
82	8.482546	2.0850463	9.0	-5.9	11.772189	8.599926	1.0955043	11.795311	-8.538786	332000	0.0	2.1426914	0.008211296	-0.8515186	0.29922864	0.024646895	0.16675	1.0	11204.753598928452
83	7.8965316	3.4725828	9.0	-6.0	11.497109	8.589345	1.1395532	11.906608	-3.9304574	336000	4.5401976e-09	5.843397	-0.0011058878	-1.4377997	0.2902596	0.017733239	0.1775	2.0	11352.346342802048
84	8.416667	2.3379037	9.0	-6.1	11.815476	8.451133	1.389239	11.498103	-6.579408	340000	-3.7252903e-09	2.654063	0.005449446	-0.9615475	0.2953796	0.028027348	0.2035	1.0	11497.026308059692
85	8.699697	1.1441538	8.9	-5.9	12.091186	8.675863	1.0253688	13.328121	-1.4156381	344000	-1.2572855e-08	1.5706952	0.0068036094	-0.6871784	0.29794967	0.019908458	0.15224999	1.0	11646.779405117035
86	8.550307	1.7280926	8.9	-5.9	12.196319	8.792758	0.7944231	11.914628	1.6835533	348000	-3.7252903e-09	2.1066542	-0.0013427036	-0.6847589	0.2833178	0.014142646	0.0955	5.0	11793.911365509033
87	8.467674	2.1078649	8.9	-5.9	12.0	8.657351	0.900114	12.609213	1.5631527	352000	5.122274e-09	2.4360232	-0.00346225	-0.9275396	0.27710104	0.012220489	0.0825	18.0	11944.360352754593
88	8.533334	1.94079	9.0	-6.1	11.9639635	8.605938	1.0953064	12.042734	-3.1961343	356000	7.450581e-09	2.4232028	-0.0049621565	-0.8144343	0.26475868	0.012820086	0.09125	15.0	12093.756357431412
89	8.393072	2.3794134	9.0	-5.9	12.003012	8.66061	1.0299861	13.208582	-3.284449	360000	-5.5879354e-09	3.662141	-0.003782194	-1.487551	0.2892161	0.012515	0.082499996	7.0	12246.31007194519
90	8.4793415	2.1094651	8.9	-6.0	11.913174	8.667982	1.0526441	15.340058	-6.2121625	364000	1.1175871e-08	2.8981488	-0.0026555574	-1.3121274	0.274241	0.013189977	0.11875	6.0	12375.024985074997
91	8.579525	1.7767111	8.9	-5.9	11.83086	8.630404	1.1336393	12.761045	-3.3238456	368000	-1.8626451e-09	2.192541	-0.0044463873	-0.7802465	0.2759661	0.015850665	0.10075	5.0	12495.740027189255
92	8.55503	1.9218738	8.9	-5.9	11.786983	8.741127	0.90454704	13.028328	0.17707777	372000	-5.5879354e-09	2.1966302	-0.002475267	-0.8108887	0.28046027	0.013687536	0.085999995	5.0	12617.87079668045
93	8.390746	2.3758621	9.0	-5.9	11.913433	8.678717	1.2496285	14.058849	-9.991477	376000	-3.7252903e-09	3.1211505	-0.0011242777	-1.0063851	0.28145903	0.017992739	0.12674999	1.0	12743.74895143509
94	8.562908	1.7429693	9.0	-5.9	11.848664	8.618791	1.1010776	12.751894	-4.4092045	380000	7.450581e-09	2.5550613	0.0023279605	-0.9702205	0.28840235	0.013695283	0.0915	4.0	12882.314365386963
95	8.487798	2.1062832	9.0	-5.9	11.848214	8.668265	1.1174877	13.357691	-8.438398	384000	-7.450581e-09	2.517116	-0.0038622695	-0.84165305	0.27646732	0.012893112	0.1075	26.0	13032.744415998459
96	8.4865675	2.1052382	8.9	-5.9	11.850746	8.7059145	1.043834	12.945312	-2.9752662	388000	1.8626451e-09	2.8232982	-0.0042643207	-1.2938504	0.24458623	0.012504922	0.068	53.0	13185.973400831223
97	8.577085	1.7882669	8.9	-5.9	11.848214	8.623129	1.2115133	11.428791	-8.153978	392000	0.0	2.3641005	-0.0023918096	-0.90145767	0.24154066	0.01246508	0.09625	4.0	13335.01520705223
98	8.286178	2.6913614	9.0	-5.9	11.697059	8.702883	1.109572	13.062198	-6.1374383	396000	-6.0535967e-09	3.2992797	0.00022550835	-1.518439	0.24856734	0.015588407	0.09825	2.0	13486.346789360046
99	8.412391	2.3649404	9.0	-6.0	11.746313	8.644945	1.1017566	12.260637	-3.6028423	400000	-1.8626451e-09	3.7389367	-0.0028592818	-1.2046483	0.25987154	0.013042895	0.059750002	4.0	13636.065325021744
100	8.554439	1.9286062	9.0	-5.9	11.792899	8.595185	1.0958819	12.67979	-6.6117935	404000	3.7252903e-09	2.3667893	-0.003120636	-0.86642224	0.24298005	0.012190953	0.09025	3.0	13783.276258707047
101	8.467159	2.2164028	8.9	-5.9	11.778107	8.672607	1.021768	13.239172	-3.3349023	408000	-9.313226e-09	2.4027596	0.0016410814	-0.9475386	0.23807621	0.015139367	0.133	1.0	13930.211041688919
102	8.366277	2.4836957	8.9	-6.1	11.645162	8.662613	1.1383482	13.524199	-5.3245945	412000	6.519258e-09	3.2884479	-0.0005246599	-1.3734466	0.24872634	0.014461136	0.1215	4.0	14077.076450109482
103	8.61947	1.6009138	9.0	-5.9	11.740413	8.62652	1.1175396	12.870523	-5.603975	416000	-3.7252903e-09	1.076682	-0.0013736608	-0.51921093	0.24278724	0.012672523	0.110750005	2.0	14225.503868341446
104	8.547322	1.835981	9.0	-6.0	11.848214	8.741542	0.9801784	12.769172	-3.5897093	420000	1.1175871e-08	2.720876	-0.002158204	-1.0561204	0.23753758	0.01413258	0.09925	22.0	14376.560650348663
105	8.495509	2.1009574	8.9	-6.0	11.901197	8.632695	0.9769016	13.498661	-2.5338619	424000	1.6763806e-08	2.6818163	-0.0022223396	-0.73950493	0.23717596	0.017601598	0.10775	47.0	14525.096313476562
106	8.45651	2.227591	8.9	-5.9	11.736687	8.669326	1.0264883	11.94757	-4.9535847	428000	-7.450581e-09	2.7073498	-0.0032858376	-1.0538819	0.24725796	0.0154752135	0.121	6.0	14661.989739656448
107	8.643787	1.5655612	9.0	-5.9	11.786983	8.646564	1.1429657	11.60575	-4.3361635	432000	3.7252903e-09	1.3098991	-0.000818423	-0.48002586	0.24981022	0.021616945	0.13624999	6.0	14776.288878917694
108	8.472567	2.1119094	9.0	-6.0	11.734513	8.813661	0.9005567	12.632898	-3.6391883	436000	7.450581e-09	2.5613742	-0.00071922597	-0.7634808	0.2486377	0.02147637	0.14425	3.0	14894.989603281021
109	8.599113	1.7705262	9.0	-6.1	11.789941	8.596381	1.2584984	13.138462	-5.5464983	440000	-2.0489097e-08	2.8302698	-0.0057788226	-1.1799864	0.24116325	0.012029615	0.049	51.0	15045.93880867958
110	8.583383	1.8006816	9.0	-6.0	11.792285	8.759252	0.9245267	12.777493	-3.925991	444000	-1.0244548e-08	2.5328705	-0.00074075256	-1.083148	0.23397546	0.015445841	0.11675	2.0	15191.410017251968
111	8.685338	1.3857747	9.0	-6.0	11.680352	8.696285	1.0037962	12.625869	-3.593286	448000	-6.519258e-09	1.4546137	-0.0018410021	-0.7944108	0.23509733	0.015265931	0.09325001	2.0	15421.17021369934
112	8.534695	1.977451	9.0	-6.0	11.591837	8.749683	0.87736255	11.73626	-0.35115138	452000	-9.313226e-09	2.682585	-0.0023000806	-0.71536183	0.2352125	0.01445424	0.1065	2.0	15652.279458522797
113	8.467743	2.2252781	9.0	-5.9	11.656892	8.655777	1.0185549	12.594899	-3.0511258	456000	-3.7252903e-09	2.8320057	-0.0038616806	-1.1374216	0.22803098	0.014336554	0.10925	29.0	15886.599630355835
114	8.198834	2.9189837	9.0	-6.0	11.597668	8.6037	1.1394987	11.737963	-4.3788133	460000	-1.4901161e-08	5.051026	-0.0069130333	-1.6985644	0.24415614	0.0068888413	0.07875	79.0	16116.995010614395
115	8.457227	2.2449615	9.0	-5.9	11.740413	8.45391	1.3300301	12.370433	-6.21013	464000	-1.1175871e-08	3.1904109	-0.0026590996	-1.2450595	0.25203267	0.018602261	0.09175	5.0	16348.738287687302
116	8.464517	2.141012	9.0	-5.9	11.68915	8.5691595	1.3124857	14.384207	-7.723438	468000	9.313226e-10	2.7647934	-0.0032935087	-0.9150655	0.26202738	0.019416953	0.13100001	4.0	16581.396431207657
117	8.537203	1.9614931	9.0	-5.9	11.800595	8.678679	1.0364047	14.943337	-5.411623	472000	0.0	2.6328003	-0.00039885496	-1.1692322	0.24712649	0.012274335	0.098749995	5.0	16818.50554537773
118	8.443364	2.2636359	9.0	-6.1	11.731564	8.680416	1.030194	13.498283	-7.1867175	476000	1.3038516e-08	3.4018612	-0.0005099287	-0.9602816	0.2329696	0.016244067	0.12175	2.0	17050.647595643997
119	8.784705	0.8108101	9.0	-6.1	11.711764	8.620993	1.040828	13.805479	-8.337809	480000	-1.8626451e-09	1.108592	-0.0049353824	-0.64520323	0.23629098	0.012035343	0.05525	69.0	17286.19950389862
120	8.486258	2.1583686	9.0	-6.0	11.628655	8.795469	0.8214216	12.947347	-4.3122597	484000	-1.8626451e-09	3.2065287	-0.00075059547	-1.258881	0.24087502	0.020197432	0.14825	1.0	17516.009750127792
121	8.589053	1.7732309	8.9	-5.9	11.742603	8.629815	1.0512	13.581341	-3.6709456	488000	-9.313226e-09	1.756531	0.009166306	-0.82391834	0.23685883	0.08216181	0.2155	1.0	17750.001757144928
122	8.385285	2.3935711	9.0	-5.9	11.942943	8.705419	1.0177469	12.97186	-4.679588	492000	-1.8626451e-09	3.8964698	0.002857198	-1.586205	0.2234352	0.039103538	0.15075	3.0	17983.717559814453
123	8.713353	1.1482794	9.0	-5.9	11.827893	8.673774	1.0224504	14.6565075	-1.8326931	496000	8.381903e-09	1.1485897	-0.0012831157	-0.69527113	0.23613971	0.015909068	0.0855	4.0	18219.199549913406
124	8.588657	1.7843573	9.0	-6.0	11.874627	8.779804	0.86645204	13.159954	-2.1272154	500000	1.0011718e-08	2.542783	-0.0012748486	-1.0427344	0.22110423	0.015473357	0.1005	7.0	18450.94773364067
