Epoch	AverageEpRet	StdEpRet	MaxEpRet	MinEpRet	EpLen	AverageVVals	StdVVals	MaxVVals	MinVVals	TotalEnvInteracts	LossPi	LossV	DeltaLossPi	DeltaLossV	Entropy	KL	ClipFrac	StopIter	Time
0	-1.0780416	1.7746463	4.0	-2.5	11.789317	-0.04901291	0.051057924	0.15372369	-0.16512944	4000	2.0489097e-08	3.1836624	-0.010023218	-0.9842545	1.0949966	0.013608778	0.30825	2.0	112.77343797683716
1	-0.62734383	2.187323	4.0	-2.5	10.3880205	-0.26594603	1.0182824	2.6959155	-1.751039	8000	-1.9557774e-08	3.811149	-0.011908081	-0.29973853	1.0947863	0.015493177	0.241	3.0	244.97459506988525
2	0.09541985	2.5684876	4.0	-2.5	10.089059	0.46415886	1.4445546	3.9927607	-2.212452	12000	-1.8626451e-09	5.2333517	-0.012648845	-0.39738047	1.0663097	0.0135089345	0.2755	3.0	379.2448961734772
3	0.25651163	2.5946352	4.0	-2.4	9.272093	1.067977	1.3416274	4.2634516	-2.3800774	16000	-1.7695129e-08	5.20811	-0.010437751	-0.20297575	1.0220777	0.015544687	0.1175	3.0	503.84159779548645
4	0.62099326	2.6651645	4.0	-2.3	8.981941	1.3527085	1.4551646	6.330634	-3.2723882	20000	-2.0489097e-08	5.2722607	-0.0014600405	-0.3129171	0.9553558	0.017128505	0.20300001	4.0	619.6571238040924
5	0.5583864	2.6623204	4.1	-2.0	8.471337	1.6894597	1.4840865	5.838574	-1.7996112	24000	5.5879354e-09	5.053192	-0.01575443	-0.25416028	0.85494363	0.008848947	0.13624999	79.0	747.3735930919647
6	0.85799575	2.7127993	4.1	-2.0	8.477612	1.6872019	1.6167419	5.9528737	-1.9248754	28000	-1.6763806e-08	4.7445574	-0.010523966	-0.44038987	0.8509793	0.009439549	0.10625	79.0	876.3741519451141
7	0.9944326	2.7238755	4.1	-2.0	8.535332	2.0549235	1.6826886	7.6014695	-2.2934783	32000	-1.5366822e-08	4.3719435	-0.009551622	-0.35605407	0.8336818	0.009403965	0.11125	79.0	987.2019968032837
8	0.87542725	2.7290645	4.1	-2.0	8.510684	1.9172263	1.7477956	5.86702	-2.6538618	36000	-1.8626451e-09	4.7629576	-0.009583837	-0.5863589	0.8139942	0.006705834	0.10675	79.0	1102.8298525810242
9	0.98183763	2.7430625	4.1	-2.0	8.514957	2.0853698	1.6350621	5.533361	-1.7917676	40000	7.450581e-09	4.182066	-0.0074682534	-0.6844713	0.81495035	0.003984463	0.06175	79.0	1219.4348497390747
10	1.0238612	2.7514374	4.0	-2.0	8.655098	2.0836403	1.8659028	6.345192	-2.6641102	44000	-8.381903e-09	3.7383885	-0.008094702	-0.37302637	0.8070385	0.0038765708	0.06425001	79.0	1332.7715632915497
11	0.78961873	2.734424	4.1	-2.0	8.43856	2.0181644	1.9081353	6.4625916	-6.021199	48000	-5.5879354e-09	3.8181853	-0.010824107	-0.3556674	0.78734314	0.0046535283	0.091749996	79.0	1447.4496819972992
12	1.1754423	2.74911	4.1	-2.0	8.820796	1.9791665	1.9229003	5.551226	-2.2635422	52000	-8.381903e-09	3.6181526	-0.012630293	-0.48411727	0.77435106	0.0064060683	0.08975	79.0	1558.8134760856628
13	1.1686535	2.7475195	4.1	-2.0	8.777042	2.2714903	1.9427632	6.597373	-2.6395228	56000	-1.0244548e-08	3.28922	-0.01369804	-0.3657387	0.7437173	0.0077454457	0.10350001	79.0	1669.4622328281403
14	1.19823	2.757748	4.1	-2.0	8.814159	2.246621	1.9487348	5.988029	-2.2634397	60000	-1.8626451e-09	3.412922	-0.011378335	-0.29990858	0.73565835	0.0063730436	0.1055	79.0	1781.637773990631
15	1.3780044	2.7335477	4.1	-2.0	9.00907	2.336825	1.8782333	5.9732075	-2.761537	64000	5.5879354e-09	3.2026448	0.0048394483	-0.3026933	0.7045479	0.016629484	0.25225	2.0	1890.3454856872559
16	1.5606279	2.7292778	4.1	-2.0	9.611111	2.553414	1.890324	12.959089	-3.3407583	68000	-1.3969839e-09	3.2002087	-0.014553817	-0.29923248	0.70951474	0.008902569	0.09425	79.0	2008.7075476646423
17	1.3755344	2.7465193	4.0	-2.0	9.451306	2.4191642	1.8070495	5.8635917	-3.309029	72000	4.656613e-10	3.6580343	-0.01333988	-0.3193459	0.6983708	0.010588925	0.1255	79.0	2127.291553735733
18	1.6833733	2.7004397	4.0	-2.0	9.6	2.5420952	1.7504208	5.7194614	-2.5780025	76000	7.450581e-09	3.3262713	-0.0054934258	-0.31144994	0.6904385	0.015639164	0.18475	41.0	2237.350421667099
19	1.9823233	2.6213365	4.0	-2.0	10.050505	2.7283854	1.7254845	6.1382475	-2.1308534	80000	3.7252903e-09	2.957602	-0.011236072	-0.3010832	0.64561284	0.007604924	0.07875	79.0	2349.05477142334
20	2.161795	2.5505056	4.0	-1.9	10.228205	2.92538	1.623745	7.35591	-2.3552322	84000	4.656613e-10	3.0318217	-0.009346629	-0.27357405	0.6260097	0.0023654096	0.0595	79.0	2459.6883561611176
21	2.130769	2.5708778	4.0	-1.9	10.230769	2.977406	1.515435	7.6281476	-2.5448954	88000	1.8626451e-09	3.114699	-0.011209901	-0.35549188	0.590442	0.007818119	0.08925	79.0	2570.1121485233307
22	2.3679686	2.4485307	4.0	-1.9	10.3828125	3.0126407	1.5458165	8.756894	-2.5983994	92000	0.0	2.7166638	0.0012833143	-0.47820878	0.587021	0.014107139	0.1515	5.0	2679.6622111797333
23	2.2399478	2.519749	4.0	-1.9	10.368146	3.1470058	1.5097449	6.1594024	-3.323407	96000	-9.313226e-09	2.8699756	-0.010204064	-0.34266037	0.57989216	0.0055603907	0.0515	79.0	2790.652361392975
24	2.168229	2.5471961	4.0	-2.0	10.348958	2.9761212	1.5852609	7.565472	-2.677881	100000	-5.5879354e-09	2.7278078	0.004530807	-0.28502113	0.55334103	0.012903756	0.14950001	16.0	2900.6358528137207
25	2.2458665	2.5174437	4.0	-2.0	10.581333	2.9580834	1.5953043	6.2987237	-5.443559	104000	9.313226e-09	2.7442636	-0.008198425	-0.3923487	0.5407179	0.006088261	0.07925	79.0	3010.0853893756866
26	2.2650793	2.5176828	4.0	-2.0	10.523809	3.0288758	1.5136969	5.339982	-4.534724	108000	1.4901161e-08	2.9669144	0.0045460574	-0.34688455	0.53300226	0.015893452	0.14625001	1.0	3132.437507390976
27	2.5070865	2.3749738	4.0	-2.1	10.440945	3.179576	1.4888692	6.593687	-3.342486	112000	3.7252903e-09	2.3078046	0.006163193	-0.47828797	0.55371404	0.012567055	0.15275	3.0	3249.353241443634
28	2.2820103	2.502537	4.1	-1.9	10.513227	3.185485	1.4911548	5.3503504	-3.3606012	116000	-1.3038516e-08	2.7670732	-0.0021241002	-0.51943356	0.5321743	0.012669035	0.113	13.0	3359.484744310379
29	2.3949735	2.4386008	4.0	-2.2	10.547619	3.0116374	1.6275938	5.717775	-3.221987	120000	5.5879354e-09	2.6168694	0.008183556	-0.41420487	0.5527046	0.012518725	0.1255	1.0	3468.037227869034
30	2.2299998	2.5231538	4.0	-2.0	10.18718	3.1487658	1.5132645	5.5066257	-3.1326883	124000	7.450581e-09	2.6775339	0.009859607	-0.30203694	0.5672068	0.014380572	0.192	3.0	3585.832038164139
31	2.3613577	2.4617748	4.0	-2.0	10.4073105	3.0085576	1.6493394	5.806873	-3.2545123	128000	-9.313226e-09	2.4655209	0.0058817966	-0.3834923	0.5404345	0.0126998	0.15349999	9.0	3712.4888954162598
32	2.4407506	2.4160213	4.0	-1.9	10.659517	3.173545	1.5419425	6.425411	-4.3074245	132000	0.0	2.4886951	-0.009316204	-0.36830667	0.5286398	0.004316205	0.09325	79.0	3829.652446746826
33	2.6791208	2.265788	4.0	-2.4	10.901099	3.2088823	1.469715	5.7200227	-3.127886	136000	1.5832484e-08	2.1599352	-0.0022532633	-0.35235748	0.5171782	0.012286523	0.12924999	16.0	3946.2283523082733
34	2.436939	2.4204073	4.0	-2.0	10.511873	3.3196218	1.404415	6.0679035	-3.5705256	140000	-1.1175871e-08	2.4631572	0.0047751996	-0.46401268	0.50557244	0.016068103	0.15825	4.0	4063.4226326942444
35	2.431496	2.4195843	4.0	-2.1	10.435696	3.1272364	1.5680894	6.5317783	-7.546125	144000	-1.5832484e-08	2.346487	0.005769169	-0.4615463	0.49361682	0.013693575	0.1205	6.0	4180.62440943718
36	2.413793	2.4292254	4.0	-1.9	10.530504	3.1741436	1.5332023	5.202497	-3.2548602	148000	1.8626451e-08	2.4117455	-0.0077312747	-0.39783296	0.45354486	0.009408206	0.082499996	79.0	4299.028553009033
37	2.495187	2.3885934	4.0	-2.0	10.609626	3.188546	1.4685605	5.379979	-2.5748563	152000	0.0	2.5200882	0.0008344613	-0.49326056	0.44916055	0.012422676	0.11175	5.0	4415.328560352325
38	2.8247306	2.1542735	4.0	-2.0	10.704301	3.24186	1.4881545	5.7173862	-4.387656	156000	-3.7252903e-09	1.948031	-0.008192703	-0.4102818	0.4624716	0.0074138395	0.066	79.0	4534.0095891952515
39	2.561842	2.344757	4.0	-2.0	10.486842	3.4128115	1.398695	5.351672	-3.3482497	160000	-1.4901161e-08	2.261127	-0.0061981673	-0.45887673	0.44966874	0.00265281	0.057	79.0	4661.0813846588135
40	2.8208108	2.1626246	4.0	-2.0	10.764865	3.3631263	1.4054317	5.973284	-2.679317	164000	0.0	2.2305017	-0.005484975	-0.50643194	0.4197346	0.0053625954	0.050499998	79.0	4771.051647424698
41	2.7798913	2.1973126	4.0	-1.9	10.842391	3.4505877	1.2743287	5.95806	-3.0949092	168000	1.8626451e-09	2.1883945	-0.003725252	-0.6080847	0.4096151	0.012395527	0.07775	73.0	4883.551607608795
42	2.8388886	2.1350875	4.0	-1.9	11.027778	3.3905368	1.4451413	6.952687	-3.5326073	172000	5.5879354e-09	1.8620915	0.0034742474	-0.39854008	0.37402996	0.015150673	0.13425002	22.0	5005.41500544548
43	2.7748647	2.1976008	4.0	-2.0	10.764865	3.4577847	1.2945272	5.4146986	-3.1410942	176000	-6.519258e-09	1.994254	-0.0036706142	-0.31769624	0.35744774	0.0046785898	0.096	79.0	5131.170011758804
44	2.705149	2.2545347	4.0	-2.2	10.780488	3.3201947	1.4858456	9.82073	-3.2785397	180000	0.0	2.2509165	-0.0064395834	-0.45632306	0.33830523	0.004154179	0.04475	79.0	5242.393444776535
45	2.6521504	2.2805326	4.0	-1.9	10.682796	3.3930686	1.4083982	6.0031238	-3.344199	184000	-5.5879354e-09	1.8813801	0.0027660374	-0.45336506	0.3372503	0.013469234	0.1075	7.0	5351.921525478363
46	2.6715446	2.276111	4.0	-2.0	10.791327	3.4131076	1.4380476	8.018714	-2.8061345	188000	-2.142042e-08	1.9536438	-0.007352083	-0.5345887	0.3176425	0.004362601	0.0495	79.0	5465.437985897064
47	2.5772357	2.3371215	4.0	-1.9	10.785908	3.2743707	1.4912829	5.682265	-4.2736554	192000	0.0	2.2518659	0.0065333974	-0.52141094	0.28838038	0.024523918	0.1385	1.0	5573.81116271019
48	2.6935997	2.2536516	4.1	-2.0	10.610666	3.209889	1.5768714	6.085	-3.4358714	196000	-5.5879354e-09	2.215654	-0.005973947	-0.56158245	0.29745802	0.005976609	0.0805	79.0	5684.113135814667
49	2.7616618	2.200123	4.0	-2.0	10.667561	3.4019995	1.4262376	5.7623277	-4.7106705	200000	-5.5879354e-09	2.0727782	-0.00019450206	-0.5287398	0.28660363	0.012317007	0.10475	18.0	5794.767447948456
50	2.6728494	2.2720342	4.1	-2.0	10.69086	3.3628373	1.4634745	7.037322	-3.9913118	204000	5.5879354e-09	1.9642314	-0.0045100874	-0.43206313	0.28264278	0.009720899	0.08050001	79.0	5906.035318851471
51	2.9961326	2.0037084	4.0	-2.1	10.9779005	3.5059214	1.4043245	6.0995975	-5.1348357	208000	-9.313226e-09	1.5644529	-0.0036316128	-0.37122336	0.2639827	0.012253212	0.077250004	50.0	6016.788552522659
52	2.9608812	2.0370026	4.0	-2.0	10.969697	3.5672843	1.2733876	5.7559595	-3.6310172	212000	0.0	1.6107304	-0.006004201	-0.4126882	0.2645883	0.00484222	0.03625	79.0	6126.336128234863
53	2.8782604	2.1156805	4.1	-2.0	10.809783	3.5402842	1.32872	6.3932867	-3.3248158	216000	1.1175871e-08	1.8679469	-0.0054847277	-0.43796295	0.26015878	0.0030121384	0.04325	79.0	6238.611528635025
54	2.8803277	2.1201727	4.0	-2.0	10.868853	3.5005686	1.2621074	6.9325433	-2.4784815	220000	5.5879354e-09	1.9351395	-0.002883372	-0.50188446	0.25959724	0.007323578	0.100999996	79.0	6354.9542899131775
55	2.9959016	2.0133462	4.0	-2.0	10.887979	3.4186	1.4474217	5.484083	-3.1087966	224000	-7.450581e-09	1.7200208	0.009513935	-0.54675865	0.27193677	0.01363861	0.099999994	1.0	6474.320259094238
56	2.805376	2.1784806	4.0	-2.5	10.709678	3.5201313	1.3331078	7.5158267	-2.385328	228000	6.519258e-09	1.8698273	0.001961458	-0.5782073	0.26608756	0.025608685	0.12775001	2.0	6584.387739419937
57	2.8517613	2.122841	4.0	-1.9	10.777778	3.4289804	1.4119736	7.7232656	-3.9467638	232000	-7.450581e-09	1.9183995	0.0012675729	-0.461717	0.25240526	0.01320445	0.07125001	6.0	6695.0220539569855
58	2.7784362	2.2018907	4.0	-2.0	10.733153	3.518201	1.2716843	6.258922	-4.17148	236000	9.313226e-10	2.0387282	0.0020047547	-0.562266	0.27075115	0.013425505	0.09675	10.0	6803.969728708267
59	2.8460276	2.140968	4.1	-1.9	10.909589	3.3792536	1.4374468	7.0984154	-3.7771504	240000	4.656613e-10	1.7407202	-0.0050933613	-0.45768017	0.26528928	0.0023197606	0.045250002	79.0	6912.989703655243
60	2.788828	2.1856256	4.1	-1.9	10.858311	3.41966	1.4423589	7.01736	-5.570762	244000	-7.450581e-09	1.9230633	0.007162077	-0.39465758	0.2743282	0.016838808	0.11725	4.0	7030.772020101547
61	2.90542	2.0967062	4.0	-1.9	10.756098	3.4656153	1.385044	6.789213	-4.169328	248000	-1.1175871e-08	1.5822846	0.014708811	-0.39003617	0.26913387	0.014345773	0.09625	1.0	7152.582468986511
62	2.6926312	2.2670171	4.0	-2.0	10.468421	3.4730093	1.4545738	9.064172	-3.9551363	252000	9.313226e-09	1.8900309	-0.00074430276	-0.5697845	0.25933313	0.01681935	0.1295	8.0	7261.558872699738
63	2.7806969	2.196903	4.0	-2.0	10.66488	3.3671272	1.5387452	7.946609	-2.5279381	256000	2.3283064e-09	1.9203975	0.009784435	-0.57927334	0.26005524	0.029224264	0.11675	1.0	7369.645891189575
64	2.9129477	2.090388	4.0	-1.9	10.953168	3.4756563	1.3706965	5.8060336	-4.227281	260000	-3.259629e-09	2.0745878	-0.0033936414	-0.66617084	0.24969958	0.0010147116	0.0345	79.0	7481.801275014877
65	2.62815	2.3127427	4.0	-2.0	10.689008	3.4425323	1.4008881	5.8465686	-3.8389287	264000	-9.313226e-09	2.3595026	0.006601777	-0.714759	0.24572508	0.025032545	0.1295	1.0	7607.357706785202
66	2.8713136	2.1263463	4.0	-2.0	10.670241	3.4068165	1.4752469	6.687283	-4.702596	268000	3.7252903e-09	2.033568	0.012772371	-0.6930198	0.24375278	0.021424418	0.09925	1.0	7738.264449596405
67	2.5694296	2.3425438	4.1	-2.0	10.316062	3.4429128	1.389532	6.0336337	-3.388723	272000	-3.7252903e-09	2.0302742	0.0006571433	-0.6071874	0.250112	0.019681416	0.12025	8.0	7853.147148609161
68	2.9459674	2.0492225	4.0	-1.9	10.701612	3.4885592	1.3922757	6.377459	-4.2870398	276000	-1.1175871e-08	1.6294891	0.02660695	-0.4330664	0.2627274	0.042987593	0.164	1.0	7964.035989522934
69	2.882044	2.1128998	4.1	-2.0	10.986188	3.491414	1.3488643	6.073657	-4.9382358	280000	1.8626451e-09	2.0688212	0.0040302826	-0.7896223	0.25304908	0.014672269	0.087500006	3.0	8072.827450990677
70	2.9604337	2.043472	4.0	-1.9	10.802168	3.576977	1.2660819	6.0332394	-5.7076874	284000	0.0	1.6674584	-0.0033271713	-0.59988225	0.26112297	0.0044617043	0.04425	79.0	8183.747049570084
71	2.6026666	2.3263004	4.0	-2.0	10.586667	3.4428053	1.4338443	8.167844	-3.174151	288000	4.656613e-10	2.1100416	-0.004556199	-0.6550778	0.26710242	0.0033178483	0.037249997	79.0	8297.975317716599
72	2.791689	2.1859682	4.0	-1.9	10.662198	3.3384683	1.5431368	5.8915668	-4.7041006	292000	-8.614734e-09	1.7745658	-0.006476409	-0.54918015	0.2636039	0.0054058484	0.05375	79.0	8409.745384693146
73	2.930874	2.0671258	4.0	-1.9	10.855191	3.4271474	1.4729587	5.867587	-4.8030877	296000	-9.313226e-09	1.6482503	0.003967775	-0.53043026	0.26091123	0.015749369	0.0865	43.0	8522.594086647034
74	2.8989244	2.1055098	4.0	-2.1	10.688172	3.5884287	1.3305413	5.8081713	-3.5898428	300000	9.313226e-10	1.6935827	0.012862278	-0.46879888	0.25181872	0.024756633	0.10925	1.0	8633.639724731445
75	2.6137304	2.309979	4.0	-1.9	10.339378	3.3982375	1.5004987	5.9418244	-5.1705704	304000	-9.313226e-10	1.9250687	-0.002587576	-0.54052293	0.26234323	0.019863468	0.10825	3.0	8750.060195922852
76	2.8462563	2.1471221	4.0	-2.0	10.65508	3.4272373	1.4602822	6.989169	-3.285762	308000	-7.450581e-09	1.7585747	0.008854498	-0.5760187	0.25926527	0.029436685	0.101	1.0	8869.579494714737
77	2.9356945	2.060834	4.0	-1.9	10.833788	3.4927459	1.4992913	7.449692	-5.033792	312000	7.450581e-09	1.481818	0.010508515	-0.5572095	0.25211847	0.01814705	0.09025	1.0	8983.466341733932
78	2.852747	2.1406758	4.0	-2.0	10.923077	3.5048914	1.42424	6.6982555	-4.845261	316000	-5.5879354e-09	2.0704575	0.0035670232	-0.8040053	0.25240222	0.016792309	0.0915	2.0	9094.131240844727
79	2.7953804	2.1816192	4.0	-2.0	10.82337	3.480588	1.36949	6.1223173	-4.562444	320000	-1.1175871e-08	1.9176284	-0.0048717484	-0.64621985	0.26650172	0.0026746425	0.04275	79.0	9208.196776866913
80	2.9948084	2.0050483	4.0	-1.9	10.871585	3.5026944	1.3655264	6.8053136	-3.4683354	324000	1.4901161e-08	1.6064787	0.004333377	-0.4790406	0.25885364	0.014433993	0.0835	7.0	9319.56682896614
81	2.9145157	2.0876377	4.0	-2.1	10.693548	3.574652	1.3192815	5.9939437	-3.4714482	328000	-1.8626451e-09	1.6519804	0.008666915	-0.4672011	0.25199085	0.013558481	0.08575	7.0	9429.750785112381
82	2.806349	2.1822667	4.0	-2.0	10.534391	3.4691856	1.4628386	6.252697	-4.7019515	332000	-8.614734e-09	1.8676455	-0.0064936667	-0.5940869	0.27131388	0.0037753792	0.05425	79.0	9543.6423869133
83	2.841223	2.1499078	4.0	-1.9	10.577127	3.4533956	1.4651755	5.689414	-4.519571	336000	-1.8626451e-09	1.6656642	0.002349557	-0.58919865	0.25889045	0.014584146	0.081750005	1.0	9653.874784231186
84	2.98913	2.0101755	4.0	-1.9	10.815217	3.5460093	1.4257394	6.9762483	-4.8173175	340000	1.641456e-08	1.5344157	0.008298244	-0.53055054	0.25194618	0.016899481	0.09375	1.0	9765.086125612259
85	2.7547681	2.212184	4.0	-1.9	10.8446865	3.4658089	1.4313476	8.860436	-3.5300593	344000	-5.5879354e-09	2.0132217	0.0077028684	-0.7011876	0.246971	0.014398113	0.102249995	5.0	9875.088717222214
86	2.8060942	2.169945	4.0	-1.9	10.99723	3.3456602	1.4876714	7.054802	-3.7409353	348000	-1.8626451e-09	1.9531524	0.000769733	-0.68621886	0.25161743	0.024001863	0.068749994	2.0	9991.325797080994
87	2.9675822	2.0337656	4.0	-2.0	10.956044	3.5034292	1.4269332	6.7015753	-4.2933593	352000	2.7939677e-09	1.5679464	0.0056866696	-0.5510098	0.27274325	0.02186666	0.10250001	1.0	10112.420858621597
88	2.9597824	2.0478945	4.0	-2.3	10.809783	3.5573602	1.3622098	6.7601466	-4.742364	356000	-1.1175871e-08	1.5682182	0.0003604177	-0.54397666	0.26772895	0.013641637	0.10575	3.0	10222.159540176392
89	2.8013473	2.183082	4.1	-1.9	10.719677	3.5182242	1.4503692	7.047315	-4.905602	360000	-2.514571e-08	1.9803264	-0.0062272744	-0.7666399	0.27566767	0.00295664	0.043250002	79.0	10333.315207242966
90	2.8991864	2.1041768	4.0	-2.2	10.791327	3.4763618	1.4393946	6.2152	-8.282126	364000	-8.381903e-09	1.8053992	0.0045180917	-0.69683564	0.26123363	0.01392698	0.0925	15.0	10442.023961544037
91	2.922802	2.079347	4.0	-2.0	10.909341	3.4664655	1.3956277	5.736422	-5.848532	368000	1.1175871e-08	1.6259725	0.0009778808	-0.67867374	0.24943987	0.0132264085	0.10875	11.0	10551.842816352844
92	2.8258758	2.161992	4.0	-2.0	10.743936	3.4443908	1.5397888	5.9353466	-3.657674	372000	-5.5879354e-09	1.8243253	-0.0057955547	-0.63722706	0.24106592	0.008624692	0.057000004	79.0	10662.659692525864
93	2.985989	2.0213277	4.0	-2.0	10.909341	3.5093243	1.4400605	5.947068	-5.4422784	376000	-7.450581e-09	1.5303966	-0.004148841	-0.627197	0.21971379	0.0032044007	0.044749998	79.0	10773.044841527939
94	3.1670358	1.83132	4.0	-1.9	11.016621	3.678938	1.2091916	6.1872272	-3.7926831	380000	-1.4901161e-08	1.3465513	-0.005082802	-0.42052585	0.22097278	0.008407164	0.06475	79.0	10885.512291193008
95	2.7830188	2.1984453	4.0	-2.5	10.74124	3.5523481	1.3617609	6.4835405	-4.3803015	384000	2.6077032e-08	1.7102953	0.0019614715	-0.6621415	0.21268632	0.020557918	0.109	1.0	10994.324646949768
96	2.9385867	2.051426	4.1	-1.9	10.858696	3.434135	1.5146848	6.0914025	-6.2174067	388000	2.3283064e-09	1.6253662	0.007700589	-0.6910223	0.20632032	0.013492161	0.08275	1.0	11104.817576169968
97	2.8771584	2.1040304	4.0	-2.2	11.061281	3.615001	1.3419912	6.4728284	-5.4972982	392000	4.656613e-09	1.838179	0.0006077802	-0.7010622	0.19716251	0.012441194	0.06325	16.0	11215.667376995087
98	2.7717807	2.2006223	4.0	-1.9	10.939726	3.4291677	1.4543371	7.142441	-4.6788163	396000	-3.259629e-09	1.8348212	-0.0014689667	-0.63690615	0.19650173	0.012426173	0.089250006	11.0	11324.518534183502
99	3.008356	1.9929087	4.0	-2.0	11.114206	3.435743	1.5141466	7.595441	-4.750116	400000	-7.450581e-09	1.5436511	-0.0072839176	-0.6313617	0.18540609	0.0073070787	0.045	79.0	11434.663531064987
100	2.9527931	2.0400133	4.0	-1.9	11.142458	3.5788846	1.3880138	8.711582	-4.2200475	404000	4.1909516e-09	1.5706949	-0.0059664156	-0.6065847	0.18733531	0.0061910623	0.051000003	79.0	11544.874995946884
101	2.7668507	2.2047176	4.0	-2.0	11.005525	3.44923	1.5220325	6.386076	-4.9000926	408000	1.7695129e-08	1.5820792	-0.0023839534	-0.6747055	0.19896583	0.016274132	0.10375	42.0	11653.462663650513
102	2.9450817	2.0619545	4.0	-2.0	10.877049	3.4010289	1.5943348	6.3609104	-4.635449	412000	-1.9557774e-08	1.517916	0.011221832	-0.5944643	0.1971228	0.03370202	0.132	1.0	11762.540981531143
103	2.8229942	2.165852	4.0	-1.9	10.620321	3.533644	1.4377015	7.723566	-3.994169	416000	1.21071935e-08	1.7488565	0.0124908695	-0.8263693	0.19688371	0.013728605	0.10525	1.0	11872.297937631607
104	2.8394666	2.1525774	4.0	-2.0	10.592	3.5168602	1.4467136	9.8455305	-8.116084	420000	9.313226e-09	1.6716937	-0.0020733536	-0.6036171	0.19839211	0.013330875	0.104	7.0	11981.05870294571
105	2.9448922	2.0642245	4.0	-2.0	10.712365	3.5191648	1.4788101	6.0276694	-5.4236717	424000	1.7229468e-08	1.5894449	0.028876904	-0.59030795	0.19633889	0.0570859	0.15224999	1.0	12090.429435253143
106	3.0799994	1.9228133	4.0	-2.0	11.061111	3.604569	1.3893715	8.580587	-3.462442	428000	5.5879354e-09	1.2183592	0.010906558	-0.44067052	0.19619389	0.01844142	0.101500005	1.0	12198.460070848465
107	2.771745	2.2027757	4.0	-2.0	10.98061	3.4458292	1.5713029	6.9588575	-4.8344193	432000	-1.8626451e-09	1.6722952	0.008237378	-0.5472355	0.19687247	0.028530566	0.1035	2.0	12306.789119243622
108	3.1186109	1.8824817	4.0	-1.9	11.036111	3.5212817	1.4115988	6.76788	-3.4385407	436000	-1.3969839e-09	1.4151044	0.011743432	-0.5651387	0.19996445	0.022371551	0.0975	1.0	12414.283054828644
109	2.763395	2.2190487	4.0	-2.1	10.58886	3.5637894	1.3752518	6.998146	-5.116085	440000	3.7252903e-09	1.8448284	-0.0004709916	-0.7609267	0.20492312	0.012800063	0.07775	2.0	12522.688052654266
110	2.9666662	2.0329483	4.0	-1.9	10.907104	3.543695	1.4334754	6.6134853	-3.9789004	444000	1.7229468e-08	1.5703278	0.014047952	-0.57520133	0.1968364	0.027147343	0.09025	2.0	12632.361425638199
111	2.8940535	2.1124644	4.0	-2.2	10.762162	3.475088	1.4925709	6.1137133	-6.38452	448000	-6.519258e-09	1.6655406	0.015942868	-0.617378	0.20190284	0.021042049	0.10175	1.0	12741.56357216835
112	2.639276	2.3096936	4.1	-2.5	10.299742	3.434683	1.5389923	7.5243745	-4.7162595	452000	3.3527613e-08	1.8458892	-0.0025461805	-0.64213794	0.2202276	0.030122763	0.09825	2.0	12851.39692234993
113	3.0091395	2.0045438	4.1	-2.1	10.715054	3.4647593	1.555407	7.0005236	-5.2855644	456000	1.8626451e-09	1.6516747	0.0068575735	-0.71154046	0.21006113	0.020542368	0.10775	1.0	12960.739698648453
114	3.1140494	1.8928444	4.0	-2.1	10.953168	3.6085317	1.3437476	6.834211	-3.4579213	460000	1.9557774e-08	1.5340333	0.009426268	-0.6004973	0.20170853	0.018735677	0.090749994	1.0	13070.993676662445
115	2.9325066	2.070278	4.0	-2.0	10.950413	3.4888136	1.4536841	7.0536222	-4.798794	464000	-5.5879354e-09	1.5282571	-0.0048880028	-0.68585813	0.18743312	0.0045982604	0.0335	79.0	13180.91674375534
116	2.960055	2.0458994	4.0	-2.0	10.977962	3.5336545	1.4022506	6.8315473	-4.582472	468000	1.4901161e-08	1.7662268	0.0065195747	-0.65121424	0.1943636	0.017090652	0.097	1.0	13289.219228506088
117	3.1123962	1.8953142	4.0	-2.0	10.942149	3.649019	1.2771585	8.047236	-3.5891175	472000	9.313226e-09	1.4118629	0.010468721	-0.5254134	0.19943564	0.018176707	0.08400001	1.0	13397.790984630585
118	2.945552	2.0582097	4.0	-2.0	10.7062	3.5702856	1.4012417	5.737913	-4.839254	476000	-1.3969839e-08	1.348949	-0.0028725034	-0.50166553	0.19770643	0.016455078	0.09125	6.0	13506.985602617264
119	2.902162	2.095567	4.0	-2.3	10.762162	3.5222564	1.4647764	9.222578	-2.8144386	480000	-7.450581e-09	1.4810286	-0.0018406641	-0.7051475	0.19940339	0.0052444073	0.050499998	79.0	13616.553463220596
120	2.9855585	2.0241146	4.0	-2.3	10.852861	3.619664	1.4074936	6.6112566	-4.4119062	484000	7.450581e-09	1.3560833	0.003159414	-0.63047886	0.19823505	0.013373773	0.087749995	1.0	13724.720355033875
121	3.1308331	1.8686507	4.0	-1.9	11.080556	3.5685008	1.4367286	6.5632505	-4.5920973	488000	-1.6763806e-08	1.4216237	-0.00066452054	-0.676956	0.1948661	0.01407457	0.073750004	52.0	13835.53044295311
122	2.9885557	2.0094273	4.1	-1.9	10.850136	3.6645167	1.3148892	6.65006	-4.6843424	492000	-1.7695129e-08	1.5434363	-0.006699764	-0.6526476	0.18903992	0.0015617487	0.049000002	79.0	13945.537167549133
123	3.1346257	1.8721439	4.0	-1.9	11.036011	3.5715363	1.4377695	7.0418034	-6.9044557	496000	-3.7252903e-09	1.4787067	0.0024635163	-0.63565326	0.19870833	0.014181884	0.08875	23.0	14054.477756023407
124	2.9560642	2.0536036	4.0	-2.1	10.735849	3.6250844	1.3721044	10.031961	-5.4936724	500000	1.1175871e-08	1.6419047	0.0045768274	-0.7836224	0.20460156	0.016977385	0.092	2.0	14162.243314027786
