Epoch	AverageEpRet	StdEpRet	MaxEpRet	MinEpRet	EpLen	AverageVVals	StdVVals	MaxVVals	MinVVals	TotalEnvInteracts	LossPi	LossV	DeltaLossPi	DeltaLossV	Entropy	KL	ClipFrac	StopIter	Time
0	0.6985559	6.795045	9.0	-8.3	14.314079	-0.013954046	0.046817724	0.11070049	-0.18934837	4000	2.9802322e-08	46.685036	-0.011692022	-19.795918	1.608221	0.013156531	0.20875001	6.0	47.94728922843933
1	1.4711657	6.979894	9.0	-8.3	12.128835	3.3699007	2.8149588	8.724326	-1.9442626	8000	-1.6763806e-08	28.354757	-0.007642079	-2.5097032	1.5971637	0.013690975	0.17625001	7.0	95.56104350090027
2	2.2476923	7.054454	9.0	-7.4	10.2153845	4.4506307	3.1966674	11.2869625	-2.8110104	12000	9.313226e-09	27.786638	-0.015566874	-1.8819966	1.5690033	0.012127414	0.20025	58.0	145.14863991737366
3	2.4641647	7.10388	9.0	-7.1	9.619855	5.1476307	3.0727744	10.828594	-4.881598	16000	1.1641532e-08	29.42258	-0.010376052	-0.7899585	1.5243129	0.012410184	0.20475	11.0	193.82997298240662
4	2.995588	7.0201197	9.0	-7.0	9.75	5.092908	3.0148575	11.125517	-5.384101	20000	-1.6763806e-08	26.895908	-0.004129695	-1.8413534	1.4707311	0.013439333	0.18875	7.0	242.48960733413696
5	3.6654463	6.8897114	9.0	-6.7	9.112128	5.754644	3.068931	12.18401	-4.7588134	24000	-9.313226e-10	23.407612	-0.0063399775	-0.8907914	1.3964286	0.01522864	0.15474999	5.0	291.2230772972107
6	3.6314893	6.948561	9.0	-6.2	8.472341	6.1844707	2.702857	11.095952	-1.4270636	28000	-1.3038516e-08	25.161522	-0.007861734	-0.9506774	1.3022121	0.012709589	0.211	14.0	340.3555076122284
7	3.5637712	6.9725423	9.0	-6.4	8.430085	6.0479827	2.903397	11.355601	-7.6081514	32000	-4.656613e-09	25.58472	-0.011613996	-0.8478718	1.2389716	0.010091806	0.0955	79.0	390.42287015914917
8	4.1275053	6.810821	9.0	-6.2	8.511727	6.114959	2.8878155	11.429839	-3.038965	36000	1.4901161e-08	22.968082	-0.012702366	-1.0727	1.1904292	0.0042770533	0.08625	79.0	440.4496762752533
9	4.62193	6.6130853	9.0	-6.6	8.714912	6.5010066	2.7449687	11.8562155	-5.81165	40000	-3.958121e-09	20.524525	-0.012536084	-1.0547633	1.1363447	0.008126054	0.09475	79.0	490.5438883304596
10	4.387931	6.712779	9.0	-6.4	8.599138	6.6564856	2.7314336	11.617605	-9.418166	44000	5.122274e-09	22.387455	-0.012074569	-1.527185	1.088177	0.008087404	0.1135	79.0	540.640527009964
11	4.349367	6.730327	9.0	-6.1	8.405064	6.618619	2.615963	11.817171	-6.0779247	48000	-4.656613e-09	21.453709	-0.008185908	-1.052011	1.01922	0.004383485	0.08975	79.0	591.0157589912415
12	4.548807	6.658019	9.0	-7.2	8.633406	6.5949316	2.6887193	12.028514	-1.279102	52000	9.313226e-09	21.586031	-0.0086651025	-1.5426011	1.030016	0.006196188	0.087500006	79.0	641.1186320781708
13	4.873581	6.516183	9.0	-6.0	8.687773	6.699012	2.6657665	14.357746	-1.8257589	56000	-3.7252903e-09	19.363873	-0.009301607	-1.2459228	0.98438823	0.012361806	0.15125	22.0	690.3482630252838
14	5.0380216	6.415063	9.0	-5.7	8.74066	6.726875	2.77737	11.957787	-4.0850787	60000	1.7695129e-08	17.693176	-0.010309707	-1.4941909	1.0149853	0.0122873895	0.1225	47.0	739.86021900177
15	4.895122	6.4953628	9.0	-6.1	8.809313	7.065414	2.7184145	16.627432	-5.045814	64000	1.8626451e-09	19.489326	-0.012868814	-1.932123	1.0067531	0.0073830234	0.10875	79.0	790.0315523147583
16	4.7	6.5919356	9.0	-6.7	8.689278	6.793234	2.711438	14.030609	-5.0540833	68000	3.7252903e-09	19.668123	-0.0037878456	-1.8118553	0.962695	0.013448865	0.081	6.0	839.0618152618408
17	4.8852816	6.500087	9.0	-6.4	8.614718	6.7381916	2.8607554	10.733245	-4.203227	72000	-9.778887e-09	17.58194	-0.0090891505	-1.5411439	0.91085744	0.009036302	0.0755	79.0	889.4066050052643
18	4.6171303	6.6208286	9.0	-5.8	8.539615	6.925868	2.8581734	12.34282	-3.8341258	76000	-3.7252903e-09	17.835566	-0.009370054	-1.63183	0.9291836	0.006335833	0.0885	79.0	939.4292488098145
19	4.513433	6.651839	9.0	-6.0	8.490405	6.7831397	3.0517218	15.871778	-3.632093	80000	-1.1175871e-08	17.342485	-0.008679794	-1.5527279	0.9092934	0.008789069	0.092999995	79.0	989.7213916778564
20	4.4961042	6.6751647	9.0	-6.1	8.61039	6.775671	3.0521872	12.656026	-4.915086	84000	7.450581e-09	18.032637	-0.010039883	-2.2285795	0.8814637	0.0064361617	0.124	79.0	1040.1848819255829
21	4.6877995	6.591532	9.0	-6.4	8.67756	6.5539823	3.3043177	11.73748	-5.820352	88000	-2.7939677e-09	17.07941	-0.010004287	-1.8804176	0.8618999	0.0032335476	0.117249995	79.0	1090.3387384414673
22	5.2294383	6.3375115	9.0	-6.6	8.941573	6.906163	3.0966785	12.071275	-7.6738806	92000	-1.3038516e-08	17.305676	-0.012467559	-1.9836543	0.83313173	0.012112597	0.137	75.0	1141.6537630558014
23	4.9833336	6.440043	9.0	-6.0	8.719298	6.9495926	3.0265179	11.25939	-5.180597	96000	4.3655746e-09	15.151645	-0.0067611355	-2.232866	0.78972733	0.013183525	0.1755	24.0	1193.344485282898
24	4.9711785	6.4581046	9.0	-6.1	8.694324	6.994467	3.2149763	12.6061	-7.298069	100000	0.0	15.883924	-0.011445871	-2.3040266	0.72586167	0.0078039146	0.09675	79.0	1300.0671758651733
25	5.383669	6.2283735	9.0	-5.9	8.9149885	7.0249405	3.12861	11.785661	-7.645256	104000	-1.3038516e-08	14.177768	-0.010806165	-2.2930193	0.7119239	0.012071796	0.104	62.0	1351.5321214199066
26	4.9138703	6.466339	9.0	-5.8	8.9149885	7.1779575	3.0521932	13.031172	-7.0429416	108000	0.0	15.539096	-0.007924987	-2.4196913	0.70381844	0.0048494553	0.06375	79.0	1407.5829408168793
27	5.16971	6.3463135	9.0	-6.3	8.88196	6.8518395	3.310261	12.503176	-8.54815	112000	-4.656613e-10	15.033514	-0.011453103	-2.2283332	0.6955731	0.01232822	0.125	54.0	1460.2722198963165
28	5.7474775	5.9987664	9.0	-6.0	9.153669	7.1679316	3.1085095	12.1387005	-8.0281105	116000	3.7252903e-09	13.026005	-0.005965588	-2.400637	0.69136274	0.01232343	0.1955	7.0	1516.3974854946136
29	5.6442657	6.0491095	9.0	-5.9	9.153669	7.3391185	3.0319843	14.537272	-6.9780064	120000	-7.450581e-09	13.266209	-0.013111368	-2.1841552	0.664094	0.01144039	0.1215	79.0	1571.0521483421326
30	5.4077983	6.1959834	9.0	-6.3	9.110092	7.353483	2.8680701	11.954659	-7.4880533	124000	1.8626451e-08	12.472331	-0.010241673	-1.7868485	0.68666244	0.0120593365	0.082499996	25.0	1620.5731925964355
31	5.6009197	6.0836086	9.0	-7.2	9.1632185	7.258635	3.0740016	12.925767	-8.930773	128000	0.0	14.076498	-0.014858268	-2.9454608	0.63540363	0.010309412	0.102249995	79.0	1679.1544170379639
32	5.861201	5.9151754	9.0	-6.0	9.1709	7.465364	2.8474016	13.03183	-7.2983756	132000	0.0	11.948522	-0.010295366	-1.7324879	0.5934229	0.0054289177	0.084750004	79.0	1737.3778088092804
33	6.1138496	5.7290683	9.0	-6.1	9.284038	7.5478344	2.78224	11.87094	-9.104139	136000	-9.313226e-10	11.012577	-0.010959131	-1.8968775	0.55747795	0.012015047	0.06775001	63.0	1802.6067543029785
34	6.4155297	5.485188	9.0	-5.9	9.374118	7.7216115	2.638035	13.915726	-6.625669	140000	-3.1664968e-08	9.59481	-0.010160629	-1.5629206	0.5376529	0.0041257143	0.07975	79.0	1865.7418138980865
35	6.203963	5.6532893	9.0	-6.1	9.289044	7.8700094	2.5360856	11.961891	-7.714895	144000	1.3504177e-08	10.006134	-0.010339967	-1.9661881	0.5307345	0.004597607	0.087	79.0	1926.6963713169098
36	6.353051	5.5296516	9.0	-5.9	9.356808	7.727248	2.6553645	12.948867	-8.113741	148000	9.313226e-10	9.525669	-0.007926747	-1.7618428	0.5059457	0.0060166535	0.08625	79.0	1986.7482750415802
37	6.3728776	5.5273333	9.0	-6.0	9.384434	7.8409276	2.5102532	12.028766	-7.9012012	152000	3.7252903e-09	11.009833	-0.011022328	-2.0607805	0.5277051	0.0068771117	0.0975	79.0	2042.0985383987427
38	6.876923	5.036988	9.0	-5.7	9.596154	7.8159785	2.445755	17.506124	-6.980061	156000	-3.7252903e-09	7.8631105	-0.008439592	-1.9533992	0.49106708	0.009152809	0.07025	79.0	2098.3512151241302
39	6.0302544	5.7904506	9.0	-5.9	9.212471	7.999931	2.4675674	12.538635	-8.609308	160000	0.0	11.674759	-0.009689685	-2.7302775	0.48227134	0.008134497	0.07075	79.0	2160.237746477127
40	6.360421	5.5364666	9.0	-5.8	9.346604	7.7448597	2.7101781	14.660273	-7.6760964	164000	-9.313226e-09	10.04768	-0.0099424645	-2.1565225	0.4581927	0.0056565227	0.063	79.0	2216.2527787685394
41	5.967442	5.8289905	9.0	-6.2	9.27907	7.7530355	2.6853158	13.646244	-6.9517694	168000	-3.7252903e-09	10.7515545	-0.008943977	-2.1957107	0.43612072	0.00710003	0.074	79.0	2279.1913843154907
42	5.699772	6.011821	9.0	-6.1	9.098173	7.5010867	2.9497142	11.948053	-9.146864	172000	1.1175871e-08	10.7820635	-0.009381463	-1.9848197	0.43280452	0.006664206	0.0765	79.0	2336.827857732773
43	6.639225	5.274376	9.0	-5.9	9.636804	7.7295256	2.7180378	14.630616	-7.085238	176000	7.450581e-09	9.759008	-0.0116177285	-2.360418	0.3977872	0.005531935	0.0825	79.0	2387.748485803604
44	6.674645	5.2532454	9.0	-6.0	9.438389	7.9422884	2.4939294	12.614796	-7.78778	180000	5.5879354e-09	8.777016	-0.009742757	-2.7317939	0.38785377	0.004768566	0.052500002	79.0	2440.351678133011
45	6.64539	5.277838	9.0	-6.2	9.432624	8.000273	2.5180895	12.5061655	-9.414947	184000	-3.7252903e-09	8.661857	-0.007827883	-2.553633	0.3688126	0.0064560045	0.051749997	79.0	2491.6622216701508
46	6.665558	5.255801	9.0	-5.8	9.472684	7.986368	2.5270848	12.149268	-11.163644	188000	0.0	9.121452	-0.008075439	-2.7757893	0.36787876	0.009473423	0.062	79.0	2543.568999528885
47	6.726651	5.1982875	9.0	-5.7	9.384434	7.952117	2.5780985	13.558777	-7.2192736	192000	6.9849193e-10	7.086667	-0.0073130545	-1.8503344	0.3407868	0.0044017076	0.04925	79.0	2594.747965812683
48	7.058894	4.862288	9.0	-5.7	9.579327	8.222069	2.3468516	13.708558	-11.298959	196000	9.313226e-09	7.0044804	-0.008638956	-1.8962266	0.3408594	0.0023722067	0.07925	79.0	2644.983874797821
49	6.3641686	5.5170293	9.0	-5.8	9.309134	8.100139	2.4237103	11.95009	-9.555229	200000	6.2864274e-09	8.880869	-0.0065790266	-2.4641323	0.3329091	0.012399372	0.081499994	17.0	2695.997672557831
50	6.837857	5.086225	9.0	-5.7	9.478572	7.9707766	2.5538878	14.29758	-7.7545724	204000	9.313226e-10	6.6553574	-0.008363524	-1.6796037	0.32783937	0.006434571	0.0605	79.0	2747.218334913254
51	6.390375	5.491271	9.0	-5.8	9.335681	8.090097	2.5017054	13.079613	-6.797319	208000	1.8626451e-09	7.919503	-0.00895537	-1.9957879	0.307999	0.012206662	0.073	53.0	2797.1344888210297
52	6.7028503	5.2052813	9.0	-5.7	9.456057	7.9541216	2.6454654	12.403541	-7.124899	212000	1.1641532e-09	6.892822	-0.009529518	-1.8851658	0.29861522	0.012024546	0.0685	66.0	2847.6013021469116
53	6.9509616	4.9737287	9.0	-6.0	9.576923	8.17854	2.3403625	13.254615	-7.939183	216000	-1.8626451e-09	7.630562	-0.009703215	-2.1926155	0.31284735	0.011301314	0.087500006	79.0	2898.5715544223785
54	6.559059	5.3545465	9.0	-5.9	9.350588	8.122997	2.3084733	11.967904	-7.6684027	220000	-2.2351742e-08	7.8161345	-0.01024877	-1.8753004	0.29146796	0.0067428425	0.05275	79.0	2951.0115764141083
55	6.652506	5.2648754	9.0	-5.8	9.48926	7.973817	2.5635788	13.285159	-10.100652	224000	1.8626451e-08	7.921544	-0.008494833	-2.2151966	0.30828074	0.004565332	0.05625	79.0	3003.300499677658
56	7.0	4.929207	9.0	-5.8	9.545455	8.096261	2.4355187	13.163837	-8.541709	228000	1.8626451e-09	6.7496815	-0.010618149	-1.8095181	0.28998032	0.005847051	0.05575	79.0	3056.569879770279
57	7.086989	4.833824	9.0	-5.9	9.612048	8.139839	2.4782944	12.40856	-8.52108	232000	7.450581e-09	7.0905895	-0.009923456	-2.2448835	0.27383044	0.0042276713	0.04525	79.0	3117.5637979507446
58	6.5892863	5.333908	9.0	-5.9	9.464286	8.191263	2.1981657	12.643019	-8.44184	236000	-3.7252903e-09	8.872286	-0.00854861	-2.441793	0.26553613	0.004133353	0.044999998	79.0	3173.930148124695
59	6.914015	5.017993	9.0	-5.9	9.482185	7.9525166	2.5928152	11.450184	-8.599218	240000	-2.7939677e-09	6.785845	-0.008604732	-2.0891013	0.25088358	0.010779885	0.0545	79.0	3228.8583645820618
60	7.3460975	4.5234504	9.0	-5.8	9.709756	8.254851	2.3326871	14.015042	-10.430465	244000	7.450581e-09	5.943622	-0.0076481868	-2.4442356	0.28089613	0.004666738	0.052249998	79.0	3287.5647761821747
61	6.387327	5.510698	9.0	-5.8	9.168202	8.160596	2.4430788	13.3580475	-8.293948	248000	-1.8626451e-08	8.258999	-0.0075900387	-2.6300125	0.288386	0.004573976	0.06125	79.0	3341.8525190353394
62	6.83762	5.0880027	9.0	-5.8	9.480952	7.9827814	2.697338	12.8046	-10.323859	252000	-1.1641532e-10	7.744554	-0.007910192	-2.467485	0.27726305	0.010667534	0.0555	79.0	3398.080484390259
63	6.5193477	5.384933	9.0	-5.8	9.282051	8.063548	2.5173674	13.5921135	-8.648274	256000	1.3969839e-08	7.4804745	-0.008753702	-2.0466475	0.28136575	0.009088059	0.0545	79.0	3454.6774287223816
64	6.669718	5.253677	9.0	-5.8	9.359155	8.091805	2.5634248	11.779136	-7.7042236	260000	9.313226e-09	7.2334642	-0.0064365687	-1.8100635	0.24272797	0.006552269	0.045	79.0	3507.045310974121
65	6.9816666	4.947618	9.0	-5.8	9.469048	8.13595	2.5181656	12.820432	-9.479659	264000	2.7939677e-09	6.3537054	-0.0074690674	-1.9574609	0.23271799	0.004904406	0.049250003	79.0	3560.0052604675293
66	6.5331755	5.374782	9.0	-5.9	9.431279	8.094948	2.4140422	13.510826	-6.295393	268000	1.21071935e-08	8.921344	-0.007957077	-2.4219828	0.2399739	0.0054494482	0.051	79.0	3614.740084886551
67	6.641686	5.280062	9.0	-5.8	9.344262	8.027854	2.531776	11.718755	-7.5223627	272000	-9.313226e-10	7.7170944	-0.009014269	-2.1754947	0.22044975	0.003061728	0.039	79.0	3668.224012851715
68	7.0105023	4.9182177	9.0	-5.9	9.48926	8.105236	2.507478	13.733926	-12.564245	276000	-4.1909516e-09	6.618542	-0.0073683886	-2.2771564	0.22426422	0.0051568076	0.0425	79.0	3719.523056745529
69	6.2321105	5.638659	9.0	-5.9	9.123854	8.088579	2.5921214	12.393135	-7.170417	280000	-9.313226e-09	8.612041	-0.006776172	-2.3630552	0.22037792	0.0121185435	0.080749996	23.0	3770.129489660263
70	6.945477	4.982441	9.0	-5.8	9.473809	8.060319	2.4810529	13.232583	-9.5568285	284000	-1.4901161e-08	6.235466	-0.007682927	-2.0297494	0.19635698	0.0022091768	0.04275	79.0	3822.438538789749
71	6.7468395	5.1903806	9.0	-5.8	9.346604	8.109602	2.557633	15.93558	-7.625404	288000	-6.7520887e-09	7.5428033	-0.005194989	-2.2198963	0.1974482	0.007692031	0.0295	79.0	3871.5018594264984
72	6.5212126	5.390633	9.0	-5.8	9.263403	8.095224	2.537605	16.16248	-11.006059	292000	1.8626451e-09	7.4639874	-0.008003166	-2.3907676	0.19876707	0.0040416387	0.056999996	79.0	5055.380230665207
73	6.887678	5.029316	9.0	-5.7	9.440759	7.9925733	2.734466	12.733092	-8.73783	296000	-1.2805685e-09	5.6997457	-0.005418511	-1.9349275	0.21426696	0.0035645994	0.03025	79.0	5104.156867980957
74	6.8893366	5.0481944	9.0	-5.9	9.4241705	8.250823	2.37449	13.088489	-8.837054	300000	-5.5879354e-09	6.9171715	-0.0058022514	-2.15123	0.21692866	0.0021387525	0.03725	79.0	5153.847771644592
75	6.8869677	5.0466304	9.0	-5.9	9.447867	8.150929	2.4357512	12.204087	-8.3677435	304000	-2.7939677e-09	6.5380955	-0.007000497	-1.8145273	0.2073754	0.0060142535	0.040250003	79.0	5203.433595657349
76	6.705399	5.2263055	9.0	-5.9	9.35446	8.017197	2.6142704	14.36326	-7.838415	308000	1.5832484e-08	7.0719943	-0.008561894	-2.3456395	0.2313388	0.0039921124	0.04675	79.0	5252.768572807312
77	7.1543484	4.7544	9.0	-5.8	9.615942	8.196328	2.3431337	12.206145	-11.106633	312000	-3.7252903e-09	6.11714	-0.0050247777	-2.0698686	0.22919917	0.012677513	0.064500004	19.0	5301.289714574814
78	6.534571	5.387856	9.0	-5.9	9.24826	8.157852	2.4897997	14.066776	-7.6782656	316000	-9.313226e-09	7.6271615	-0.007851645	-2.4602647	0.26068768	0.0048562316	0.054250002	79.0	5350.755836725235
79	6.92583	5.006306	9.0	-5.8	9.414692	7.9519534	2.691431	12.334574	-6.8330765	320000	-1.3038516e-08	7.03261	-0.0052653733	-2.487547	0.27037472	0.008188102	0.03475	79.0	5400.354507446289
80	6.7817326	5.159697	9.0	-5.8	9.348947	8.253139	2.3619246	13.8034525	-7.9751244	324000	-2.8521754e-08	7.5843463	-0.0073658945	-2.4358974	0.27663624	0.004361515	0.06475	79.0	5450.4179010391235
81	6.8107977	5.1274533	9.0	-5.8	9.356808	8.046137	2.6447988	14.323844	-7.903831	328000	9.313226e-09	7.1252937	-0.0034135112	-2.248446	0.26334363	0.0123354085	0.07925	8.0	5499.091832637787
82	6.733648	5.1919913	9.0	-5.8	9.369411	8.194658	2.304569	12.705652	-9.524127	332000	1.1175871e-08	7.5289717	-0.0058349986	-2.4030457	0.256992	0.012253583	0.06275	31.0	5550.493859291077
83	7.260785	4.6207156	9.0	-5.9	9.745098	8.182599	2.365006	12.188839	-7.190775	336000	4.656613e-09	6.3329735	-0.0060189036	-2.481401	0.23512894	0.008386166	0.0605	79.0	5599.909583330154
84	6.822489	5.0961585	9.0	-5.8	9.526316	8.180016	2.4076953	11.807999	-11.280064	340000	1.3969839e-08	7.857688	-0.0067737754	-3.1168756	0.24254143	0.005031965	0.03925	79.0	5649.773164987564
85	6.6929245	5.241826	9.0	-5.8	9.367925	8.180437	2.341106	14.526241	-10.918316	344000	-5.5879354e-09	8.209764	-0.0060052583	-2.8803756	0.24481997	0.013207808	0.10425	15.0	5698.616410732269
86	6.5324826	5.3869925	9.0	-5.8	9.269141	7.9693823	2.6436257	12.421365	-7.7142057	348000	1.3969839e-09	7.9946012	-0.0072028944	-2.720668	0.2353014	0.012296479	0.09725	32.0	5747.855121135712
87	7.0392346	4.8868136	9.0	-5.9	9.511962	8.049917	2.683692	14.144439	-8.669532	352000	-1.6763806e-08	6.900961	-0.007986482	-2.6309218	0.20653893	0.0054923417	0.039499998	79.0	5797.423881530762
88	6.880997	5.046366	9.0	-5.8	9.456057	8.242873	2.3369544	15.764866	-7.1959033	356000	-2.2351742e-08	7.0225554	-0.0061428896	-2.485027	0.21334623	0.0028330712	0.037750002	79.0	5847.2144865989685
89	7.1011853	4.8202205	9.0	-5.6	9.438389	8.223455	2.4505615	12.724487	-9.865672	360000	0.0	5.64907	-0.005622999	-2.2390995	0.19679078	0.0122650955	0.05175	52.0	5896.546832084656
90	6.768471	5.15672	9.0	-5.8	9.374118	8.335943	2.2808256	13.233971	-8.576788	364000	1.8626451e-09	6.8255763	-0.008239263	-2.2044475	0.22317708	0.00812172	0.077	79.0	5946.303747177124
91	7.099289	4.8244658	9.0	-5.8	9.457346	8.168655	2.5159168	14.598438	-8.8347645	368000	-1.1175871e-08	7.1168985	-0.008074939	-2.4927206	0.19487229	0.003984317	0.05125	79.0	5996.326325416565
92	6.832783	5.0999618	9.0	-5.6	9.384434	8.307549	2.2974439	14.736048	-8.486498	372000	-7.916242e-09	6.799018	-0.006367426	-2.3068233	0.18608359	0.006086694	0.04	79.0	6046.234452724457
93	6.8750587	5.063971	9.0	-5.6	9.367059	8.181023	2.499714	12.849522	-7.120995	376000	-2.7939677e-09	6.5481253	-0.0062436787	-2.1590033	0.17772001	0.0023199788	0.03125	79.0	6095.844001054764
94	6.6419206	5.2848506	9.0	-5.8	9.34192	8.0861	2.6316583	14.561867	-7.4426184	380000	-1.4901161e-08	8.421558	-0.0031904886	-2.9898458	0.20445812	0.012031408	0.05625	6.0	6144.463396787643
95	7.1217394	4.790446	9.0	-5.8	9.57971	8.287165	2.2681093	16.270353	-6.378277	384000	0.0	5.759012	-0.008515118	-1.9591628	0.1816926	0.01116143	0.052	79.0	6193.76478934288
96	6.9943132	4.9404283	9.0	-5.8	9.440759	8.189545	2.4828107	15.190623	-10.646505	388000	-5.5879354e-09	6.761304	-0.006198089	-2.71739	0.20234303	0.00613572	0.05325	79.0	6243.286725282669
97	7.182058	4.734323	9.0	-5.8	9.519138	8.242419	2.2888994	12.137874	-9.78623	392000	-1.6763806e-08	6.300454	-0.0058514858	-2.5175085	0.2065796	0.012371916	0.053000003	25.0	6292.090141057968
98	7.0082545	4.9262342	9.0	-5.9	9.398585	8.283519	2.4399552	12.717192	-10.044671	396000	-7.450581e-09	6.5697746	-0.007949669	-2.2139559	0.23707119	0.00641419	0.087500006	79.0	6341.69495677948
99	7.088095	4.847999	9.0	-5.8	9.476191	8.26738	2.3039787	19.618443	-8.73635	400000	1.9557774e-08	6.7162094	-0.0068489523	-2.3952413	0.2225272	0.0069522583	0.0585	79.0	6391.497483491898
100	6.419816	5.478982	9.0	-5.9	9.18894	8.139139	2.6201227	13.604249	-11.21066	404000	7.450581e-09	7.92203	-0.006950291	-2.747743	0.21895097	0.0067280843	0.05	79.0	6441.316884279251
101	6.53169	5.379666	9.0	-5.8	9.330986	7.953947	2.8920264	13.429863	-8.224819	408000	-3.7252903e-09	7.4370894	-0.002722973	-2.5712242	0.18372004	0.014737153	0.070999995	7.0	6489.919326305389
102	6.946589	4.998126	9.0	-5.8	9.357647	8.036183	2.7106688	13.067902	-8.817539	412000	-7.450581e-09	7.0154114	-0.0066746785	-2.7191691	0.16820605	0.012745985	0.0425	47.0	6539.042579174042
103	6.7088165	5.2349095	9.0	-5.9	9.245939	8.176873	2.4323747	11.869759	-9.112615	416000	-9.313226e-10	7.2459507	-0.007470635	-2.451718	0.19972964	0.004972667	0.0425	79.0	6589.3788912296295
104	7.1073284	4.8139544	9.0	-5.8	9.423168	8.054398	2.622857	13.583854	-9.712739	420000	1.8626451e-09	6.6069193	-0.0075488514	-2.9159198	0.21409652	0.012257732	0.0455	55.0	6639.662364721298
105	7.214833	4.69415	9.0	-5.6	9.55024	8.371631	2.2600005	15.057697	-8.4723015	424000	8.381903e-09	6.161831	-0.0065212203	-2.1039367	0.21253216	0.0063274107	0.050499998	79.0	6689.508698940277
106	6.240046	5.629562	9.0	-5.6	9.109839	8.236769	2.5849328	13.400514	-10.227209	428000	-1.3969839e-08	8.829568	-0.009335179	-3.5142124	0.2048608	0.009271111	0.04775	79.0	6739.563209533691
107	6.99763	4.946457	9.0	-5.9	9.407583	7.914557	2.827948	14.836104	-7.356573	432000	1.3038516e-08	7.8186293	-0.00746038	-3.0802054	0.22522649	0.0058745276	0.0365	79.0	6789.536885738373
108	6.7004657	5.236531	9.0	-5.8	9.274419	8.185185	2.3613312	13.893127	-6.9518275	436000	0.0	7.6133356	-0.0061375857	-2.4292898	0.2331114	0.0028403187	0.0285	79.0	6839.251757383347
109	6.6122684	5.3133097	9.0	-5.8	9.224537	7.9631457	2.7606835	11.79645	-13.113185	440000	-3.7252903e-09	7.325807	-0.0057969503	-2.4519248	0.2332272	0.0048947567	0.0385	79.0	6889.155608177185
110	6.8046513	5.1371493	9.0	-5.8	9.27907	8.1819935	2.4413538	15.195679	-7.337077	444000	-1.21071935e-08	7.018724	-0.0054921806	-2.5643783	0.23347673	0.0036552108	0.0285	79.0	6939.464800834656
111	7.1085105	4.822006	9.0	-5.4	9.411347	8.192705	2.5128996	12.823304	-9.730979	448000	5.5879354e-09	6.5170045	-0.005908785	-2.575181	0.21206616	0.004282633	0.039	79.0	6989.438396453857
112	6.8887587	5.047903	9.0	-5.8	9.332553	8.254316	2.3808303	13.873951	-9.604133	452000	5.122274e-09	6.069193	-0.008562251	-2.099402	0.22762182	0.008289991	0.06425	79.0	7039.406360626221
113	6.82757	5.1137834	9.0	-5.9	9.294393	8.235795	2.4379141	14.502841	-9.644183	456000	-5.5879354e-09	6.547454	0.0012861189	-2.2478218	0.22800471	0.013246914	0.099249996	10.0	7088.171714305878
114	6.79627	5.1574316	9.0	-5.7	9.310023	8.182005	2.4801145	14.037639	-8.56728	460000	6.519258e-09	7.5020165	0.0016157207	-2.6714454	0.2044259	0.012142558	0.069	4.0	7137.341578006744
115	6.521233	5.4093256	9.0	-5.6	9.102739	8.036617	2.6744947	16.507969	-9.307381	464000	-5.122274e-09	8.086283	0.00023587095	-2.9977732	0.21670951	0.0121618975	0.0405	3.0	7186.52041888237
116	6.776526	5.1706433	9.0	-5.9	9.347418	8.034563	2.7125776	12.809789	-9.018174	468000	-2.0489097e-08	8.542473	-0.0059577767	-3.0578322	0.21855468	0.012035484	0.04975	71.0	7236.551322698593
117	6.7774944	5.1657343	9.0	-5.8	9.25522	7.9908934	2.6830592	12.266451	-8.616797	472000	2.3283064e-08	7.374752	-0.005543465	-2.7422585	0.20154542	0.012659239	0.045500003	36.0	7285.751588106155
118	6.626959	5.30629	9.0	-5.8	9.191244	8.178887	2.5131164	12.909573	-7.0526667	476000	7.450581e-09	7.7567005	-0.0066233305	-2.4732158	0.2338464	0.006160411	0.04725	79.0	7335.542038202286
119	6.700698	5.236831	9.0	-5.9	9.272093	8.11384	2.6377702	13.219593	-10.755814	480000	-1.5832484e-08	7.170483	-0.0033439472	-2.287952	0.24627466	0.012830064	0.07325	18.0	7384.464129209518
120	6.9580803	4.982973	9.0	-5.7	9.34192	8.167841	2.5054924	13.774711	-8.02657	484000	-2.0489097e-08	6.7145634	-0.0076300837	-2.5000796	0.21246833	0.009122911	0.058250003	79.0	7434.451874732971
121	6.7550826	5.183901	9.0	-5.9	9.399528	8.181407	2.511217	15.938608	-10.772547	488000	-4.656613e-09	8.040411	-0.0071848296	-2.854466	0.22936405	0.0073534967	0.0535	79.0	7484.164108276367
122	6.681945	5.2514763	9.0	-5.8	9.222222	8.011546	2.6497185	16.931625	-8.386992	492000	-5.5879354e-09	7.3821435	-0.007298408	-2.587572	0.22314167	0.008036386	0.040749997	79.0	7533.783698797226
123	7.230714	4.680047	9.0	-5.8	9.478572	8.31826	2.280584	12.437485	-10.593409	496000	-1.2572855e-08	5.6203527	-0.0069404263	-2.13199	0.21937627	0.003144675	0.048	79.0	7583.5428602695465
124	6.6486115	5.286036	9.0	-5.8	9.208333	8.231007	2.3844268	15.369543	-10.606752	500000	1.3038516e-08	7.5640054	-0.00720443	-2.9498518	0.22698428	0.0047737947	0.039750002	79.0	7633.392877340317
