Epoch	AverageEpRet	StdEpRet	MaxEpRet	MinEpRet	EpLen	AverageVVals	StdVVals	MaxVVals	MinVVals	TotalEnvInteracts	LossPi	LossV	DeltaLossPi	DeltaLossV	Entropy	KL	ClipFrac	StopIter	Time
0	-1.436923	5.2123985	9.0	-6.5	12.2153845	-0.039106384	0.076337434	0.2312855	-0.20108172	4000	5.5879354e-09	23.050169	-0.011770539	-5.366292	1.0954876	0.015118389	0.286	3.0	141.12416625022888
1	-0.1073034	6.465922	9.0	-6.5	11.185393	0.0169554	2.5216649	7.08483	-4.124104	8000	-7.450581e-09	27.301395	-0.015679304	-3.5710678	1.0910015	0.01808323	0.46425	4.0	286.5972502231598
2	1.371134	6.979985	9.0	-6.5	10.257732	1.9026425	3.7740126	11.222309	-7.0463753	12000	-1.1175871e-08	29.43623	-0.017457314	-2.863885	1.0541935	0.0132548455	0.1525	3.0	408.9086060523987
3	3.1127872	6.919448	9.1	-6.2	10.176471	3.4818683	3.896753	11.206235	-6.9755416	16000	5.5879354e-09	28.421581	-0.014032025	-2.4208574	0.99879396	0.013508111	0.111499995	3.0	536.7516350746155
4	4.3278193	6.7426558	9.1	-6.3	9.97995	4.825639	3.454935	14.667477	-8.794309	20000	3.7252903e-09	23.605556	-0.010792196	-2.0092335	0.9218484	0.015429067	0.083	3.0	658.3277854919434
5	4.6366997	6.522523	9.1	-6.3	9.790641	5.7723	3.486207	12.130717	-7.1069374	24000	-1.4901161e-08	20.332891	-0.012378262	-1.7087586	0.82381797	0.02100147	0.22475	3.0	778.4910199642181
6	5.200978	6.282537	9.1	-6.1	9.726161	5.9086576	3.4598668	13.596379	-10.222272	28000	-1.14087015e-08	18.471394	-0.0014416275	-1.8364439	0.70161784	0.01608118	0.16525	3.0	903.6201100349426
7	6.4662504	5.2798853	9.1	-5.9	9.9625	7.0109835	2.8132908	14.892788	-11.049772	32000	3.7252903e-09	15.220036	-0.007704165	-1.6649282	0.5982809	0.012100909	0.10275	50.0	1028.6106820106506
8	6.3128467	5.522754	9.1	-6.1	10.04534	7.1722274	2.45614	12.075813	-6.171918	36000	8.381903e-09	15.921992	-0.007475785	-1.6617963	0.6038693	0.0057445434	0.06325	79.0	1158.7744555473328
9	6.4642324	5.357706	9.0	-6.0	10.042821	7.0861797	2.8894396	11.789938	-8.177411	40000	-1.0244548e-08	11.928472	-0.008451005	-1.5917537	0.59224755	0.004492156	0.082	79.0	1284.5088903903961
10	6.0753117	5.675534	9.1	-6.1	9.945137	7.1065564	3.0249932	12.14146	-7.641732	44000	-1.3038516e-08	11.990688	-0.011031138	-1.2242321	0.55103177	0.005613894	0.07575	79.0	1406.020180940628
11	6.39025	5.4346786	9.1	-6.0	9.9725	7.214517	3.0705462	11.298867	-8.11049	48000	5.5879354e-09	9.75703	-0.009411307	-1.2941905	0.5292659	0.006309148	0.09625	79.0	1563.73215842247
12	6.5476313	5.3636303	9.1	-5.9	9.9601	7.161198	3.5009239	11.261936	-9.15806	52000	1.21071935e-08	9.4395485	-0.0032944053	-0.8222481	0.47584626	0.012301141	0.09625	9.0	1709.6279182434082
13	6.7335877	5.172996	9.0	-6.2	10.145039	7.5111103	3.1425672	12.748417	-8.867343	56000	7.450581e-09	9.276026	-0.007353057	-0.8692657	0.48584223	0.0051601143	0.063250005	79.0	1863.4680376052856
14	6.8788266	5.037921	9.0	-5.9	10.165816	7.4844446	3.1801338	10.80429	-7.5451565	60000	-9.313226e-10	7.0887294	-0.007419111	-0.67184293	0.4502725	0.008484135	0.08375	79.0	2020.5054860115051
15	7.4222226	4.446579	9.0	-5.8	10.273902	7.8627176	2.9402585	13.028693	-8.451613	64000	3.7252903e-09	5.259408	-0.004660163	-0.7519889	0.40815064	0.0027937563	0.06025	79.0	2164.3400661945343
16	7.2173915	4.6926346	9.0	-5.8	10.1790285	7.8063726	3.0812953	12.525594	-7.884409	68000	-4.656613e-10	5.589144	-0.006673855	-0.8970309	0.39831725	0.0077309636	0.076	79.0	2309.3853373527527
17	6.9467177	4.9886856	9.0	-5.9	10.078282	7.6692123	3.3014147	11.734498	-8.511174	72000	-1.8626451e-09	6.857046	-0.004756936	-0.49961662	0.36218566	0.010956751	0.055	79.0	2465.061665058136
18	7.064071	4.896213	9.0	-5.9	10.012563	7.3811054	3.5670366	10.698337	-8.218436	76000	-5.5879354e-09	6.4949636	-0.0063998667	-1.0915161	0.3265925	0.012359531	0.068	73.0	2604.0824863910675
19	7.023233	4.9419575	9.0	-5.9	10.070707	7.8050046	3.1978366	10.926495	-8.473108	80000	0.0	5.7566233	-0.005917622	-0.5845974	0.34431913	0.008755723	0.06825	79.0	2739.3186910152435
20	7.326786	4.5781507	9.0	-5.8	10.15051	7.906577	3.087175	11.028943	-7.7697496	84000	2.7939677e-09	5.6235914	-0.0068718856	-0.62055236	0.28924802	0.0050106086	0.083000004	79.0	2894.525460958481
21	7.0477166	4.90992	9.0	-5.8	10.106599	7.742047	3.225836	12.318895	-7.9977365	88000	-9.313226e-10	5.2498474	-0.0047363224	-0.6939284	0.26838458	0.005196152	0.068	79.0	3028.8856880664825
22	7.2842245	4.6280704	9.1	-5.8	10.109415	7.713844	3.399969	10.882882	-8.019998	92000	1.3969839e-09	4.52256	-0.0054614027	-0.6261317	0.24732557	0.012277843	0.0765	28.0	3159.803797721863
23	6.6909328	5.2737327	9.0	-5.8	10.042821	7.7238684	3.4389558	11.266469	-7.546874	96000	-6.9849193e-09	5.482431	-0.0061735357	-0.9322278	0.2697893	0.009137673	0.0715	79.0	3291.0666790008545
24	6.5832086	5.368318	9.0	-5.8	9.982456	7.383805	3.9414897	11.303022	-10.790708	100000	0.0	5.1560373	-0.002313503	-0.5012366	0.2556873	0.012341601	0.10075	14.0	3422.4947452545166
25	7.3096695	4.622922	9.0	-5.8	10.109415	7.6912007	3.4371827	10.893881	-7.3863387	104000	7.21775e-09	4.676711	-0.0042993817	-0.672646	0.2307998	0.0070730867	0.0425	79.0	3552.9381341934204
26	6.9667506	5.0002966	9.0	-5.8	9.9575	7.8178816	3.281788	14.526902	-6.4386744	108000	-3.7252903e-09	5.0459003	-0.0040829545	-0.8939148	0.23495981	0.0046204077	0.054250002	79.0	3696.108218431473
27	7.42665	4.474788	9.0	-5.8	10.124366	7.814195	3.325711	10.554772	-7.2081795	112000	-3.7252903e-09	4.349887	-0.0049454165	-0.6020101	0.23566604	0.0059243357	0.03175	79.0	3819.139443874359
28	7.169018	4.772441	9.0	-5.8	10.047859	7.906838	3.3099587	13.427591	-7.438313	116000	5.5879354e-09	4.7232656	-0.0033374522	-0.5882031	0.22370586	0.012003288	0.068749994	63.0	3939.7864458560944
29	6.638367	5.34934	9.0	-5.8	9.85396	7.6494527	3.5789845	11.496896	-7.7424173	120000	0.0	5.8413143	-0.0043668076	1.4888966	0.20805392	0.012088493	0.065249994	34.0	4082.8610389232635
30	7.0875316	4.884174	9.0	-5.8	9.922693	7.623446	3.205895	11.02695	-8.454751	124000	1.8626451e-09	7.408947	-0.005038202	-1.8253169	0.21461555	0.0032738266	0.037249997	79.0	4238.729230165482
31	6.735892	5.2469816	9.0	-5.8	9.868812	7.4955773	3.5944817	11.165913	-14.314642	128000	5.5879354e-09	6.1113467	-0.0037013786	-0.8928784	0.1980927	0.00627078	0.03775	79.0	4387.75443816185
32	7.1735663	4.759754	9.0	-5.7	9.935163	7.84575	3.1246197	10.913185	-9.09309	132000	-1.7695129e-08	4.7122517	-0.0064942734	-0.7371129	0.22235101	0.0066478215	0.049000002	79.0	4542.337016820908
33	7.0473948	4.914733	9.1	-5.8	9.923077	7.6528926	3.6750193	11.593994	-15.393566	136000	3.7252903e-09	6.1521044	-0.0043940064	-0.80042124	0.22053236	0.0070625646	0.053	79.0	4690.359547615051
34	7.2120304	4.734262	9.0	-5.9	9.9599	7.812396	3.294316	11.052155	-7.697667	140000	9.313226e-09	5.3319845	-0.0055186795	-0.6109757	0.2302446	0.008521467	0.0735	79.0	4841.738502502441
35	7.248622	4.6892285	9.0	-5.8	9.969925	7.897883	3.0258694	13.085681	-7.803987	144000	2.7939677e-09	5.9104776	-0.0022835531	-0.50381035	0.23471995	0.012238288	0.07275	7.0	4995.833844900131
36	7.2359104	4.7125773	9.0	-5.8	9.935163	7.673084	3.4304006	11.570341	-9.10013	148000	-7.450581e-09	4.250415	-0.005368363	-0.5120065	0.24182895	0.0030001546	0.05925	79.0	5144.710962057114
37	7.3627205	4.559776	9.0	-5.9	10.0	7.947371	3.0848312	14.175893	-9.44762	152000	-1.8626451e-09	5.556273	-0.005241139	-0.57615495	0.21861744	0.0054533537	0.0405	79.0	5298.143028974533
38	7.189082	4.788788	9.1	-5.8	9.870968	7.907151	3.0576792	10.842609	-7.7749257	156000	-5.5879354e-09	4.613839	-0.0051935557	-0.69358295	0.20889255	0.0027261288	0.03375	79.0	5461.102308511734
39	7.405	4.496951	9.0	-5.8	9.95	7.810925	3.314315	11.510868	-8.948575	160000	-5.5879354e-09	4.8562107	-0.00408222	-0.6323845	0.18449883	0.01074497	0.05525	79.0	5619.897648096085
40	7.2616553	4.677553	9.0	-5.8	9.964912	7.940231	2.9839776	11.169028	-6.706698	164000	-1.1175871e-08	4.8320074	-0.005149033	-0.5962785	0.20521587	0.002937166	0.03825	79.0	5757.74889755249
41	7.0786605	4.9099073	9.0	-5.8	9.858561	7.804836	3.351636	11.076204	-8.190761	168000	-6.9849193e-10	4.022269	-0.006500001	-0.55957764	0.20178278	0.004272448	0.052500002	79.0	5914.034400939941
42	7.2593985	4.6780353	9.0	-5.7	9.987469	7.640611	3.5348678	12.944893	-7.58401	172000	3.259629e-09	4.785062	-0.005752646	-0.6857386	0.17940193	0.007315249	0.03925	79.0	6068.947104215622
43	7.0688124	4.9119697	9.0	-5.8	9.881188	7.9134393	3.1332655	10.638368	-7.804971	176000	-7.450581e-09	5.3064966	-0.0053554215	-0.6989365	0.18020949	0.0017737102	0.046	79.0	6236.700856924057
44	7.422056	4.4955077	9.0	-5.8	9.989975	7.779497	3.417311	13.59338	-7.8237634	180000	1.1175871e-08	4.112503	-0.004508005	-0.7451485	0.17504238	0.012075949	0.06575	46.0	6381.047697544098
45	7.325187	4.631125	9.0	-5.8	9.915212	7.985851	3.200954	11.851306	-8.4275255	184000	3.7252903e-09	3.2180607	-0.0034324387	-0.49136636	0.1815334	0.008397471	0.04775	79.0	6516.807473897934
46	7.023193	4.8961415	9.0	-5.8	9.942643	7.683622	3.636524	12.18764	-8.949438	188000	1.5832484e-08	4.511672	-0.0050834445	-0.49278778	0.20643891	0.00681711	0.059999995	79.0	6651.140336036682
47	7.065013	4.91675	9.0	-5.8	9.870968	7.7171946	3.5354443	11.212119	-7.765125	192000	-9.313226e-09	4.1052213	-0.004366372	-0.6536858	0.19639608	0.01077312	0.057499997	79.0	6786.52202796936
48	7.0265512	4.9245744	9.0	-5.8	9.883374	7.6164217	3.7756102	12.437096	-8.627308	196000	0.0	4.292557	-0.0033099782	-0.5811218	0.1805709	0.012103604	0.03625	9.0	6920.915570020676
49	7.043035	4.9163456	9.0	-5.8	9.917911	7.812376	3.223157	10.750853	-7.153481	200000	-5.5879354e-09	4.737365	-0.005280358	-0.5349214	0.18747944	0.0031836207	0.061	79.0	7067.64296412468
50	7.28	4.670696	9.0	-5.8	9.95	7.7234735	3.569238	11.107959	-8.835813	204000	-3.7252903e-09	4.2074237	-0.0042027463	-0.72879523	0.18573508	0.005305607	0.038999997	79.0	7228.780638456345
51	7.2805004	4.677897	9.0	-5.9	9.945	7.8746057	3.290024	10.5662985	-6.9117656	208000	-1.1175871e-08	4.4379654	-0.0033942284	-0.48039117	0.17835715	0.01322216	0.053000003	11.0	7362.3907122612
52	7.115327	4.858706	9.0	-5.8	10.002513	7.8492594	3.4309323	12.363593	-7.0564218	212000	1.8626451e-09	3.2894645	-0.0027582939	-0.60947156	0.19467977	0.012205513	0.045500003	10.0	7495.024910211563
53	7.1476316	4.8027115	9.1	-5.8	9.945137	7.7159677	3.6374214	11.149045	-9.183398	216000	-1.3038516e-08	3.3032417	-0.005041227	-0.38464284	0.1923909	0.0047875107	0.04	79.0	7629.325168848038
54	6.876808	5.1197658	9.0	-5.8	9.910225	7.657215	3.7119114	14.022866	-8.488195	220000	5.5879354e-09	3.9435508	-0.005719834	-0.5622311	0.18105838	0.006867283	0.04975	79.0	7763.16055226326
55	6.9893303	4.9956264	9.0	-5.8	9.883374	7.575954	3.8181603	11.420027	-7.8218846	224000	-3.259629e-09	5.286188	-0.0052698385	-0.7217316	0.19535272	0.0092427395	0.049999997	79.0	7897.084813594818
56	7.3527503	4.593064	9.0	-5.8	9.9725	7.859958	3.3573582	11.224233	-7.1984205	228000	-5.5879354e-09	3.3217258	-0.005482079	-0.5788633	0.19650728	0.0052735666	0.051000003	79.0	8043.267006635666
57	7.384713	4.5381637	9.0	-5.8	9.987469	7.8170204	3.329154	10.900963	-7.6733375	232000	-9.313226e-09	4.5779257	-0.005767985	-1.254885	0.19714451	0.01227014	0.050750002	37.0	8183.354296684265
58	7.127021	4.8263326	9.0	-5.8	10.04293	7.799033	3.4843392	13.435699	-7.5290303	236000	-1.4901161e-08	3.78415	-0.0033299103	-0.510844	0.21289569	0.012041419	0.071499996	16.0	8348.215125799179
59	7.2045007	4.7647963	9.0	-5.8	9.955	7.864752	3.3748329	13.023251	-7.1329308	240000	1.8626451e-09	3.9161274	-0.0051854355	-0.4227838	0.17801763	0.007108201	0.046	79.0	8510.769478797913
60	7.0437813	4.9195848	9.0	-5.8	9.910448	7.6302977	3.578645	11.15984	-8.176665	244000	-1.4901161e-08	4.22525	-0.0039690956	-0.45620435	0.18448846	0.012695674	0.06475	22.0	8663.549381017685
61	6.990075	4.9578066	9.1	-5.8	9.875931	7.8133745	3.4143696	12.57308	-7.338742	248000	7.450581e-09	4.4623537	-0.006961302	-0.7357365	0.19663012	0.008202746	0.06649999	79.0	8798.069521427155
62	7.0508685	4.907225	9.0	-5.7	9.888337	7.7277346	3.4818726	11.147439	-7.393737	252000	7.450581e-09	4.482629	-0.006963851	-0.6007353	0.19730821	0.005393856	0.04425	79.0	8932.011261224747
63	6.9309587	5.0453644	9.0	-5.8	9.805897	7.6892385	3.6243231	11.942032	-8.617297	256000	-3.7252903e-09	3.7566934	-0.005362708	-0.7019673	0.18669915	0.006543816	0.04875	79.0	9066.174845933914
64	6.5377455	5.4273	9.0	-5.8	9.745098	7.3836164	4.0656104	11.921306	-7.289589	260000	-1.8626451e-09	5.2908235	-0.0052993386	-0.74061525	0.18399027	0.005139848	0.04225	79.0	9198.683953046799
65	6.8851485	5.102715	9.0	-5.9	9.861386	7.5014668	3.879757	11.222997	-7.8579326	264000	-1.1175871e-08	4.3173366	-0.005962343	-0.7365004	0.19920167	0.012045272	0.070999995	50.0	9331.556681394577
66	7.5547986	4.3059807	9.0	-5.8	10.058081	8.077052	2.768676	10.36069	-7.7203064	268000	-1.8626451e-09	4.657587	-0.0055400226	-0.86515594	0.20318729	0.0072251777	0.05325	79.0	9465.252571105957
67	7.237093	4.7229743	9.0	-5.9	9.9599	7.759539	3.4663577	10.9242525	-9.202233	272000	-6.519258e-09	4.094104	-0.006124027	-0.72397876	0.197939	0.007699799	0.058	79.0	9598.814192533493
68	7.0530005	4.932265	9.0	-5.8	9.97	7.847551	3.471321	12.21863	-7.7078495	276000	-7.450581e-09	4.523073	-0.0030568074	-0.4976502	0.19343513	0.012059482	0.05225	22.0	9731.853395462036
69	7.0764275	4.912764	9.0	-5.8	9.880894	7.6587396	3.7687967	12.726319	-7.7653217	280000	9.546056e-09	3.9035318	-0.005363727	-0.81501234	0.18314879	0.0075530647	0.046499997	79.0	9865.156690359116
70	7.1942506	4.770529	9.0	-5.8	9.9325	7.873127	3.319814	11.427874	-6.614559	284000	2.3283064e-09	4.190234	-0.0059799277	-0.81758505	0.16866764	0.012139937	0.08225	33.0	9999.035982370377
71	6.942716	5.0560637	9.0	-5.8	9.832099	7.447262	3.9247406	11.366918	-8.501805	288000	-1.1175871e-08	4.694807	-0.0042607053	-1.1567008	0.16224116	0.012365436	0.066750005	73.0	10131.458886861801
72	6.865261	5.113577	9.0	-5.8	9.883374	7.729809	3.535004	13.768252	-6.9289904	292000	-7.450581e-09	4.7672696	-0.004782388	-0.70074666	0.19272423	0.004999979	0.03925	79.0	10265.836916923523
73	7.0324264	4.9127746	9.0	-5.8	9.873762	7.683203	3.5820332	11.021536	-7.1116204	296000	-1.8626451e-09	4.411659	-0.0044043246	-0.72077245	0.17954141	0.013368769	0.067999996	14.0	10398.238459587097
74	7.3190002	4.6323094	9.0	-5.8	9.935	7.733741	3.519097	13.808107	-8.045277	300000	2.3283064e-09	2.9800382	-0.00485064	-0.6290567	0.16302091	0.0046289517	0.03575	79.0	10531.202638626099
75	6.591647	5.405837	9.0	-5.8	9.759213	7.4807663	4.1179123	13.498755	-7.6255026	304000	7.916242e-09	4.6529875	-0.0057388423	-0.89034164	0.14011009	0.009458644	0.0425	79.0	10663.470882415771
76	6.9835825	4.995438	9.0	-5.8	9.890547	7.5992656	3.7277224	12.611565	-6.798408	308000	7.916242e-09	3.3496866	-0.007158986	-0.70882595	0.1439227	0.0051811365	0.055	79.0	10797.313279867172
77	6.7190127	5.2809234	9.0	-5.8	9.846913	7.4167814	4.0650935	12.653199	-6.917565	312000	1.1175871e-08	3.6567202	-0.005081767	-0.6790884	0.15080076	0.011337789	0.0485	79.0	10929.54071688652
78	6.5173597	5.4549737	9.0	-5.8	9.765281	7.372701	4.046143	10.47668	-7.466459	316000	0.0	4.6047807	-0.0052694157	-0.73141545	0.15193738	0.0057726167	0.055	79.0	11063.075895547867
79	7.564071	4.299572	9.0	-5.8	10.037688	8.015027	3.2736576	13.528137	-7.421325	320000	-1.8626451e-09	2.6210635	-0.00362694	-0.5216837	0.15292667	0.006494696	0.02375	79.0	11199.123687505722
80	6.9067163	5.06736	9.0	-5.9	9.912935	7.7663894	3.6439366	12.283973	-10.33482	324000	-3.7252903e-09	4.079708	-0.003795737	-0.5401732	0.14649877	0.006380062	0.038500004	79.0	11332.3984541893
81	7.4100757	4.5055633	9.0	-5.8	10.030227	7.8432384	3.2345455	11.140431	-6.810683	328000	-5.5879354e-09	3.9769983	-0.0055976696	-0.62059575	0.16064082	0.010010209	0.036	79.0	11463.684579133987
82	7.056219	4.9167366	9.0	-5.7	9.910448	7.7267694	3.6210206	12.514068	-7.8347235	332000	-4.656613e-10	4.006975	-0.005899992	-0.9039384	0.15152319	0.0123539865	0.042999998	51.0	11596.113631725311
83	6.8913155	5.112986	9.0	-5.8	9.870968	7.6521597	3.7346404	12.667307	-7.570369	336000	5.820766e-10	3.8543308	-0.005972296	-0.94095314	0.17872775	0.0073625594	0.03775	79.0	11729.46230173111
84	7.0192504	4.9682293	9.0	-5.8	9.9325	7.3900204	4.057917	10.915323	-7.4006248	340000	0.0	4.317811	-0.0041735237	-1.4104216	0.19580325	0.012250496	0.059	25.0	11862.371804237366
85	7.1238103	4.855698	9.0	-5.8	9.964912	7.7965293	3.6671445	13.524346	-7.714924	344000	1.8626451e-09	2.6394029	-0.00360686	-0.368377	0.18968534	0.0030126353	0.0365	79.0	11998.660056591034
86	7.2271357	4.733041	9.0	-5.8	10.015076	7.780579	3.5418177	10.924506	-7.450877	348000	-7.450581e-09	3.816335	-0.005015457	-0.46256942	0.17664513	0.007469288	0.034	79.0	12131.40220451355
87	7.187689	4.7531605	9.0	-5.8	10.032663	7.907522	3.3773098	11.844749	-6.837198	352000	4.656613e-09	3.9108214	-0.0062772483	-0.78279376	0.1925782	0.004751375	0.048	79.0	12266.498064041138
88	6.728536	5.251568	9.0	-5.9	9.885856	7.524556	3.9833395	12.34521	-7.3821745	356000	4.656613e-09	4.381674	-0.004612463	-0.957944	0.19506559	0.0048062704	0.035	79.0	12400.209159612656
89	7.0915003	4.8901253	9.0	-5.8	9.96	7.5906096	3.6227217	10.664585	-8.056956	360000	-9.313226e-10	4.2745748	-0.0052709966	-0.85050285	0.19538571	0.0062240893	0.05625	79.0	12533.35920882225
90	7.0859656	4.894281	9.0	-5.8	9.967419	7.6901436	3.7708445	14.5312	-7.4787593	364000	5.1077222e-09	3.1417363	-0.0041722097	-0.61801606	0.19317888	0.002027085	0.041	79.0	12666.56714272499
91	7.0396986	4.9361887	9.0	-5.8	10.005025	7.662743	3.6818483	10.210695	-10.272499	368000	9.313226e-09	3.7638416	-0.0044994093	-0.7965591	0.20220777	0.008482079	0.06075	79.0	12799.894472837448
92	7.302262	4.643434	9.0	-5.8	10.017588	7.8760185	3.4036438	11.518253	-6.7960057	372000	3.7252903e-09	3.5996928	-0.0050963648	-0.6427664	0.21758735	0.008596804	0.04025	79.0	12932.181481838226
93	7.16375	4.79984	9.0	-5.8	9.9875	7.788626	3.6106906	11.195077	-9.107458	376000	-1.6763806e-08	3.1636012	-0.006019221	-0.7748425	0.22960132	0.0120120505	0.075	64.0	13066.807751655579
94	7.4147506	4.4926777	9.0	-5.8	9.9775	7.98995	3.269908	10.413944	-7.749698	380000	-2.6077032e-08	3.6871603	-0.0055105933	-0.85095435	0.21113999	0.0054590306	0.041500002	79.0	13200.152468204498
95	7.4979954	4.39418	9.0	-5.8	9.982456	7.994693	3.2630315	12.280748	-7.7899756	384000	7.450581e-09	3.8984165	-0.005295805	-1.0059457	0.2022621	0.012700013	0.03575	64.0	13332.923883676529
96	7.0318418	4.9472475	9.0	-5.8	9.905473	7.8104367	3.415984	13.326521	-7.7430344	388000	-6.9849193e-09	3.2528577	-0.0028273128	-0.9400604	0.20580846	0.012600951	0.070999995	14.0	13464.060041189194
97	7.54225	4.344461	9.0	-5.8	9.9525	8.038734	3.1713781	10.984281	-7.6431656	392000	8.381903e-09	2.6180189	-0.0048773927	-0.7259731	0.17078467	0.0040601916	0.041	79.0	13596.445012331009
98	7.3432503	4.5845666	9.0	-5.8	9.9425	7.9742627	3.230472	11.568155	-8.007283	396000	-1.1175871e-08	3.895566	-0.0037816043	1.3879659	0.17830735	0.002705813	0.028	79.0	13730.97991323471
99	7.3476195	4.592168	9.0	-5.8	9.982456	7.8510923	2.8863559	13.4916115	-8.71924	400000	3.7252903e-09	5.1068273	-0.0044712634	-1.696947	0.17808293	0.012285841	0.042499997	57.0	13864.274719715118
100	7.159649	4.808149	9.0	-5.8	9.982456	7.8731494	3.1475918	10.898496	-8.404636	404000	-1.0477379e-08	4.9673443	-0.0036615725	-1.2208034	0.19156224	0.0043203114	0.024750002	79.0	13997.654408931732
101	7.3050256	4.6333857	9.0	-5.8	9.98995	7.9586377	3.1428115	12.59217	-10.243683	408000	-8.381903e-09	4.357375	-0.0027290587	-0.5984811	0.19202809	0.013300126	0.04675	5.0	14129.718952417374
102	6.8092046	5.188395	9.0	-6.0	9.893035	7.6398625	3.6819127	11.632194	-9.5114565	412000	3.7252903e-09	5.1504498	-0.005598112	-0.95015043	0.24000615	0.002593483	0.03175	79.0	14264.207484006882
103	6.7313585	5.241136	9.0	-5.8	9.846913	7.3998876	3.8963437	13.60305	-10.854649	416000	-2.7939677e-09	5.10361	-0.0038137864	-0.9248633	0.25131717	0.008173173	0.0545	79.0	14396.90212392807
104	7.4225564	4.495611	9.0	-5.8	9.984962	7.9813895	3.3833673	12.313888	-9.064643	420000	-1.3038516e-08	2.7475708	-0.004897044	-0.5178711	0.24772552	0.0022577783	0.052249998	79.0	14531.567439079285
105	7.3335843	4.587629	9.0	-5.8	9.997494	7.922749	3.301161	14.00498	-7.4279895	424000	-1.7695129e-08	3.4209328	-0.0051194998	-0.830493	0.24348015	0.0051444233	0.05025	79.0	14666.051612138748
106	7.490453	4.4027467	9.0	-5.8	10.020101	8.075666	3.1242576	12.405984	-8.48257	428000	-3.7252903e-09	3.6177468	-0.0059344326	-0.84525305	0.23604584	0.0057881814	0.04525	79.0	14799.610083818436
107	7.3925004	4.540104	9.0	-5.8	9.95	7.9986095	3.3463836	12.816375	-10.11793	432000	-1.3038516e-08	2.4742367	-0.007783711	-0.5434901	0.22271419	0.0053173564	0.04175	79.0	14933.001116514206
108	7.1813436	4.791917	9.0	-5.8	9.902985	7.614784	3.816697	11.882337	-7.175187	436000	-2.7939677e-09	3.3314593	-0.0053542005	-0.7058215	0.23169805	0.0038120507	0.041249998	79.0	15069.33475279808
109	7.141792	4.8371897	9.0	-5.8	9.925373	7.832498	3.4814403	11.24946	-9.308625	440000	-9.313226e-10	3.1444314	-0.0040136017	-0.7167902	0.20688342	0.0034087026	0.04175	79.0	15204.114652872086
110	7.0816836	4.9033737	9.0	-5.8	9.876238	7.7304697	3.6449027	11.433623	-9.136517	444000	-9.313226e-09	3.5521917	-0.004669059	-0.81721556	0.2110784	0.0037855015	0.04225	79.0	15337.505497217178
111	7.5042505	4.399978	9.0	-5.8	9.9575	8.019143	3.2272575	11.263064	-7.9368353	448000	-3.7252903e-09	2.9175336	-0.003941078	-0.55805105	0.2028682	0.013092	0.062250003	20.0	15470.648253202438
112	7.01605	4.980665	9.0	-5.8	9.839506	7.64183	3.911053	12.426497	-14.252445	452000	4.656613e-09	3.5147135	-0.0056700218	-0.64988524	0.21595705	0.007711365	0.05775	79.0	15604.871388912201
113	7.243	4.7184052	9.0	-5.8	9.945	7.8666434	3.4073138	11.486819	-9.204471	456000	5.122274e-09	3.5431886	-0.006248792	-0.8014812	0.23372845	0.009873455	0.04975	79.0	15739.335429668427
114	7.0284295	4.9660983	9.0	-5.8	9.890274	7.7172604	3.594814	11.020908	-7.12389	460000	1.4901161e-08	4.056233	-0.0040559424	-1.0058988	0.21463038	0.0042335466	0.031	79.0	15873.396259069443
115	6.5535636	5.4298773	9.0	-5.8	9.771499	7.4947906	3.9738998	13.35447	-8.276301	464000	1.1175871e-08	4.532199	-0.00832209	-1.2394828	0.20240468	0.0073252837	0.063250005	79.0	16005.831811666489
116	7.275189	4.6802588	9.0	-5.8	9.954887	7.686913	3.707632	13.164661	-9.819745	468000	1.4901161e-08	3.3654964	-0.0071403044	-0.8481519	0.22105648	0.012036528	0.081	75.0	16141.231323003769
117	7.2304025	4.728775	9.0	-5.8	9.982412	7.801453	3.4915767	12.453155	-7.3525944	472000	7.450581e-09	3.5116587	-0.00563515	-0.87445486	0.23016451	0.009411064	0.069749996	79.0	16272.742007732391
118	6.856297	5.1340156	9.0	-5.8	9.832099	7.590443	3.9699895	12.454024	-8.598657	476000	-2.7939677e-09	2.6131713	-0.0006673526	-0.7559527	0.24128164	0.012690537	0.08625001	3.0	16405.424035072327
119	6.259367	5.692127	9.1	-5.8	9.6691	7.337883	4.1907206	10.813918	-7.6371026	480000	0.0	3.9557433	-0.0054299785	-1.2241856	0.19739707	0.0016118265	0.0225	79.0	16538.88947916031
120	7.6007557	4.266054	9.0	-5.8	10.012594	7.8695235	3.454318	11.120917	-7.2046943	484000	-7.450581e-09	2.7768664	-0.0060701794	-1.051337	0.19045356	0.0069089	0.035499997	79.0	16674.020865678787
121	6.910149	5.064389	9.0	-5.8	9.858911	7.738551	3.8283346	13.476768	-14.728232	488000	-6.519258e-09	3.4374404	-0.006599487	-0.9891987	0.18215725	0.012539547	0.05975	69.0	16814.27709197998
122	6.89802	5.101256	9.0	-5.9	9.856436	7.635052	3.7565024	12.557823	-8.970784	492000	-8.381903e-09	5.0212555	-0.0017767684	-1.0932693	0.22289796	0.015396061	0.041	4.0	16945.888909578323
123	7.0501246	4.9083934	9.0	-5.7	9.8957815	7.6586018	3.7119093	14.251486	-7.3870864	496000	1.1641532e-08	2.9210048	-0.003543105	-0.8296087	0.23976518	0.012293557	0.06425	15.0	17079.595200061798
124	6.927791	5.071026	9.0	-5.8	9.878412	7.5390577	3.9500082	11.406814	-7.8695226	500000	-3.958121e-09	3.489348	-0.005208184	-0.7915319	0.20599964	0.0077673644	0.0425	79.0	17211.76071047783
